tanggal,KASUS,MENINGGAL,SEMBUH,DIRAWAT_OR_ISOLASI,AKUMULASI_KASUS,AKUMULASI_SEMBUH,AKUMULASI_MENINGGAL,AKUMULASI_DIRAWAT_OR_ISOLASI
06-03-2020,1,0,1,0,1,1,0,0
07-03-2020,0,0,0,0,1,1,0,0
08-03-2020,1,0,3,-2,2,4,0,-2
09-03-2020,0,0,0,0,2,4,0,-2
10-03-2020,0,0,8,-8,2,12,0,-10
11-03-2020,0,0,8,-8,2,20,0,-18
12-03-2020,0,1,2,-3,2,22,1,-21
13-03-2020,1,1,0,0,3,22,2,-21
14-03-2020,1,0,2,-1,4,24,2,-22
15-03-2020,1,0,5,-4,5,29,2,-26
16-03-2020,1,0,4,-3,6,33,2,-29
17-03-2020,0,1,3,-4,6,36,3,-33
18-03-2020,0,1,1,-2,6,37,4,-35
19-03-2020,0,1,3,-4,6,40,5,-39
20-03-2020,0,3,3,-6,6,43,8,-45
21-03-2020,0,0,2,-2,6,45,8,-47
22-03-2020,0,2,0,-2,6,45,10,-49
23-03-2020,0,2,3,-5,6,48,12,-54
24-03-2020,0,1,3,-4,6,51,13,-58
25-03-2020,0,1,3,-4,6,54,14,-62
26-03-2020,0,0,4,-4,6,58,14,-66
27-03-2020,25,2,3,20,31,61,16,-46
28-03-2020,10,2,7,1,41,68,18,-45
29-03-2020,2,2,2,-2,43,70,20,-47
30-03-2020,22,0,3,19,65,73,20,-28
31-03-2020,14,2,1,11,79,74,22,-17
01-04-2020,12,1,6,5,91,80,23,-12
02-04-2020,6,2,1,3,97,81,25,-9
03-04-2020,4,0,4,0,101,85,25,-9
04-04-2020,3,2,2,-1,104,87,27,-10
05-04-2020,4,2,4,-2,108,91,29,-12
06-04-2020,10,2,8,0,118,99,31,-12
07-04-2020,6,0,4,2,124,103,31,-10
08-04-2020,19,0,6,13,143,109,31,3
09-04-2020,3,3,10,-10,146,119,34,-7
10-04-2020,21,1,4,16,167,123,35,9
11-04-2020,31,2,20,9,198,143,37,18
12-04-2020,2,1,7,-6,200,150,38,12
13-04-2020,3,2,9,-8,203,159,40,4
14-04-2020,5,2,3,0,208,162,42,4
15-04-2020,0,1,8,-9,208,170,43,-5
16-04-2020,15,0,4,11,223,174,43,6
17-04-2020,9,1,8,0,232,182,44,6
18-04-2020,11,1,4,6,243,186,45,12
19-04-2020,3,0,4,-1,246,190,45,11
20-04-2020,29,0,8,21,275,198,45,32
21-04-2020,0,4,6,-10,275,204,49,22
22-04-2020,1,0,7,-6,276,211,49,16
23-04-2020,3,0,1,2,279,212,49,18
24-04-2020,23,0,2,21,302,214,49,39
25-04-2020,11,2,2,7,313,216,51,46
26-04-2020,0,4,1,-5,313,217,55,41
27-04-2020,12,1,5,6,325,222,56,47
28-04-2020,6,0,3,3,331,225,56,50
29-04-2020,0,0,11,-11,331,236,56,39
30-04-2020,16,0,9,7,347,245,56,46
01-05-2020,14,0,3,11,361,248,56,57
02-05-2020,9,1,9,-1,370,257,57,56
03-05-2020,5,0,1,4,375,258,57,60
04-05-2020,14,0,9,5,389,267,57,65
05-05-2020,10,2,19,-11,399,286,59,54
06-05-2020,29,0,4,25,428,290,59,79
07-05-2020,0,0,3,-3,428,293,59,76
08-05-2020,20,1,7,12,448,300,60,88
09-05-2020,20,1,5,14,468,305,61,102
10-05-2020,10,0,7,3,478,312,61,105
11-05-2020,8,0,5,3,486,317,61,108
12-05-2020,18,0,5,13,504,322,61,121
13-05-2020,20,0,6,14,524,328,61,135
14-05-2020,14,2,16,-4,538,344,63,131
15-05-2020,28,0,18,10,566,362,63,141
16-05-2020,0,0,9,-9,566,371,63,132
17-05-2020,24,0,9,15,590,380,63,147
18-05-2020,31,0,18,13,621,398,63,160
19-05-2020,21,0,15,6,642,413,63,166
20-05-2020,1,0,30,-29,643,443,63,137
21-05-2020,53,1,8,44,696,451,64,181
22-05-2020,15,1,7,7,711,458,65,188
23-05-2020,0,0,6,-6,711,464,65,182
24-05-2020,21,0,4,17,732,468,65,199
25-05-2020,0,0,6,-6,732,474,65,193
26-05-2020,18,0,10,8,750,484,65,201
27-05-2020,10,0,10,0,760,494,65,201
28-05-2020,14,3,19,-8,774,513,68,193
29-05-2020,13,0,12,1,787,525,68,194
30-05-2020,14,0,25,-11,801,550,68,183
31-05-2020,3,0,0,3,804,550,68,186
01-06-2020,7,1,11,-5,811,561,69,181
02-06-2020,14,0,21,-7,825,582,69,174
03-06-2020,71,0,25,46,896,607,69,220
04-06-2020,10,0,11,-1,906,618,69,219
05-06-2020,24,1,25,-2,930,643,70,217
06-06-2020,36,1,6,29,966,649,71,246
07-06-2020,10,1,2,7,976,651,72,253
08-06-2020,11,1,5,5,987,656,73,258
09-06-2020,16,1,8,7,1003,664,74,265
10-06-2020,33,0,46,-13,1036,710,74,252
11-06-2020,25,0,25,0,1061,735,74,252
12-06-2020,35,0,12,23,1096,747,74,275
13-06-2020,74,1,2,71,1170,749,75,346
14-06-2020,9,0,8,1,1179,757,75,347
15-06-2020,4,0,25,-21,1183,782,75,326
16-06-2020,37,0,9,28,1220,791,75,354
17-06-2020,31,0,25,6,1251,816,75,360
18-06-2020,17,0,16,1,1268,832,75,361
19-06-2020,5,0,24,-19,1273,856,75,342
20-06-2020,16,0,14,2,1289,870,75,344
21-06-2020,9,0,6,3,1298,876,75,347
22-06-2020,8,1,21,-14,1306,897,76,333
23-06-2020,11,0,15,-4,1317,912,76,329
24-06-2020,20,1,36,-17,1337,948,77,312
25-06-2020,17,0,6,11,1354,954,77,323
26-06-2020,13,0,6,7,1367,960,77,330
27-06-2020,20,0,3,17,1387,963,77,347
28-06-2020,4,1,12,-9,1391,975,78,338
29-06-2020,3,0,6,-3,1394,981,78,335
30-06-2020,11,0,7,4,1405,988,78,339
01-07-2020,11,0,12,-1,1416,1000,78,338
02-07-2020,10,0,10,0,1426,1010,78,338
03-07-2020,21,0,21,0,1447,1031,78,338
04-07-2020,14,1,12,1,1461,1043,79,339
05-07-2020,7,1,6,0,1468,1049,80,339
06-07-2020,12,1,5,6,1480,1054,81,345
07-07-2020,6,0,10,-4,1486,1064,81,341
08-07-2020,16,0,15,1,1502,1079,81,342
09-07-2020,13,1,24,-12,1515,1103,82,330
10-07-2020,10,0,27,-17,1525,1130,82,313
11-07-2020,7,1,16,-10,1532,1146,83,303
12-07-2020,13,0,9,4,1545,1155,83,307
13-07-2020,11,3,4,4,1556,1159,86,311
14-07-2020,9,0,7,2,1565,1166,86,313
15-07-2020,4,0,7,-3,1569,1173,86,310
16-07-2020,17,0,13,4,1586,1186,86,314
17-07-2020,11,0,5,6,1597,1191,86,320
18-07-2020,8,1,11,-4,1605,1202,87,316
19-07-2020,17,3,4,10,1622,1206,90,326
20-07-2020,8,0,23,-15,1630,1229,90,311
21-07-2020,8,0,21,-13,1638,1250,90,298
22-07-2020,3,0,15,-12,1641,1265,90,286
23-07-2020,10,1,4,5,1651,1269,91,291
24-07-2020,12,0,10,2,1663,1279,91,293
25-07-2020,5,1,12,-8,1668,1291,92,285
26-07-2020,14,0,3,11,1682,1294,92,296
27-07-2020,10,0,23,-13,1692,1317,92,283
28-07-2020,9,1,15,-7,1701,1332,93,276
29-07-2020,15,1,28,-14,1716,1360,94,262
30-07-2020,29,3,17,9,1745,1377,97,271
31-07-2020,34,1,11,22,1779,1388,98,293
01-08-2020,23,0,39,-16,1802,1427,98,277
02-08-2020,12,1,10,1,1814,1437,99,278
03-08-2020,21,0,15,6,1835,1452,99,284
04-08-2020,33,0,14,19,1868,1466,99,303
05-08-2020,23,0,13,10,1891,1479,99,313
06-08-2020,32,2,13,17,1923,1492,101,330
07-08-2020,34,0,15,19,1957,1507,101,349
08-08-2020,22,0,23,-1,1979,1530,101,348
09-08-2020,24,0,9,15,2003,1539,101,363
10-08-2020,23,1,37,-15,2026,1576,102,348
11-08-2020,19,2,18,-1,2045,1594,104,347
12-08-2020,48,1,16,31,2093,1610,105,378
13-08-2020,37,2,16,19,2130,1626,107,397
14-08-2020,21,2,9,10,2151,1635,109,407
15-08-2020,33,1,35,-3,2184,1670,110,404
16-08-2020,43,1,18,24,2227,1688,111,428
17-08-2020,17,0,6,11,2244,1694,111,439
18-08-2020,64,0,29,35,2308,1723,111,474
19-08-2020,47,1,13,33,2355,1736,112,507
20-08-2020,23,2,35,-14,2378,1771,114,493
21-08-2020,36,1,42,-7,2414,1813,115,486
22-08-2020,42,2,21,19,2456,1834,117,505
23-08-2020,32,2,46,-16,2488,1880,119,489
24-08-2020,60,3,27,30,2548,1907,122,519
25-08-2020,33,0,52,-19,2581,1959,122,500
26-08-2020,29,0,28,1,2610,1987,122,501
27-08-2020,59,1,124,-66,2669,2111,123,435
28-08-2020,42,3,73,-34,2711,2184,126,401
29-08-2020,61,2,20,39,2772,2204,128,440
30-08-2020,45,0,20,25,2817,2224,128,465
31-08-2020,31,2,44,-15,2848,2268,130,450
01-09-2020,27,1,57,-31,2875,2325,131,419
02-09-2020,68,0,30,38,2943,2355,131,457
03-09-2020,33,3,100,-70,2976,2455,134,387
04-09-2020,22,0,49,-27,2998,2504,134,360
05-09-2020,49,1,39,9,3047,2543,135,369
06-09-2020,83,2,51,30,3130,2594,137,399
07-09-2020,75,1,51,23,3205,2645,138,422
08-09-2020,56,2,48,6,3261,2693,140,428
09-09-2020,37,5,53,-21,3298,2746,145,407
10-09-2020,42,5,66,-29,3340,2812,150,378
11-09-2020,47,4,84,-41,3387,2896,154,337
12-09-2020,22,3,43,-24,3409,2939,157,313
13-09-2020,50,0,25,25,3459,2964,157,338
14-09-2020,57,1,69,-13,3516,3033,158,325
15-09-2020,62,2,46,14,3578,3079,160,339
16-09-2020,137,2,72,63,3715,3151,162,402
17-09-2020,121,3,39,79,3836,3190,165,481
18-09-2020,141,0,66,75,3977,3256,165,556
19-09-2020,128,0,76,52,4105,3332,165,608
20-09-2020,179,0,146,33,4284,3478,165,641
21-09-2020,122,2,268,-148,4406,3746,167,493
22-09-2020,130,4,64,62,4536,3810,171,555
23-09-2020,217,2,149,66,4753,3959,173,621
24-09-2020,130,4,53,73,4883,4012,177,694
25-09-2020,109,2,177,-70,4992,4189,179,624
26-09-2020,135,0,198,-63,5127,4387,179,561
27-09-2020,105,1,73,31,5232,4460,180,592
28-09-2020,128,2,125,1,5360,4585,182,593
29-09-2020,84,8,259,-183,5444,4844,190,410
30-09-2020,144,1,125,18,5588,4969,191,428
01-10-2020,102,5,129,-32,5690,5098,196,396
02-10-2020,82,0,190,-108,5772,5288,196,288
03-10-2020,134,5,107,22,5906,5395,201,310
04-10-2020,168,2,102,64,6074,5497,203,374
05-10-2020,137,2,165,-30,6211,5662,205,344
06-10-2020,98,3,134,-39,6309,5796,208,305
07-10-2020,81,3,63,15,6390,5859,211,320
08-10-2020,122,1,108,13,6512,5967,212,333
09-10-2020,140,1,101,38,6652,6068,213,371
10-10-2020,170,4,110,56,6822,6178,217,427
11-10-2020,105,1,81,23,6927,6259,218,450
12-10-2020,81,4,134,-57,7008,6393,222,393
13-10-2020,79,3,80,-4,7087,6473,225,389
14-10-2020,94,2,72,20,7181,6545,227,409
15-10-2020,111,3,99,9,7292,6644,230,418
16-10-2020,114,2,75,37,7406,6719,232,455
17-10-2020,127,2,60,65,7533,6779,234,520
18-10-2020,130,3,62,65,7663,6841,237,585
19-10-2020,122,4,118,0,7785,6959,241,585
20-10-2020,88,1,166,-79,7873,7125,242,506
21-10-2020,171,5,54,112,8044,7179,247,618
22-10-2020,220,2,124,94,8264,7303,249,712
23-10-2020,145,3,74,68,8409,7377,252,780
24-10-2020,102,3,123,-24,8511,7500,255,756
25-10-2020,226,4,126,96,8737,7626,259,852
26-10-2020,120,0,86,34,8857,7712,259,886
27-10-2020,124,5,94,25,8981,7806,264,911
28-10-2020,170,4,100,66,9151,7906,268,977
29-10-2020,91,4,146,-59,9242,8052,272,918
30-10-2020,107,3,114,-10,9349,8166,275,908
31-10-2020,85,1,76,8,9434,8242,276,916
01-11-2020,90,2,59,29,9524,8301,278,945
02-11-2020,74,1,69,4,9598,8370,279,949
03-11-2020,71,3,109,-41,9669,8479,282,908
04-11-2020,90,2,66,22,9759,8545,284,930
05-11-2020,50,0,80,-30,9809,8625,284,900
06-11-2020,105,2,84,19,9914,8709,286,919
07-11-2020,125,8,80,37,10039,8789,294,956
08-11-2020,58,2,37,19,10097,8826,296,975
09-11-2020,120,1,78,41,10217,8904,297,1016
10-11-2020,55,2,83,-30,10272,8987,299,986
11-11-2020,124,3,55,66,10396,9042,302,1052
12-11-2020,100,3,75,22,10496,9117,305,1074
13-11-2020,111,1,41,69,10607,9158,306,1143
14-11-2020,166,3,67,96,10773,9225,309,1239
15-11-2020,159,3,71,85,10932,9296,312,1324
16-11-2020,0,3,93,-96,10932,9389,315,1228
17-11-2020,0,6,104,-110,10932,9493,321,1118
18-11-2020,54,4,106,-56,10986,9599,325,1062
19-11-2020,159,4,148,7,11145,9747,329,1069
20-11-2020,128,2,100,26,11273,9847,331,1095
21-11-2020,182,10,130,42,11455,9977,341,1137
22-11-2020,122,1,85,36,11577,10062,342,1173
23-11-2020,171,2,124,45,11748,10186,344,1218
24-11-2020,144,5,110,29,11892,10296,349,1247
25-11-2020,128,5,104,19,12020,10400,354,1266
26-11-2020,145,4,107,34,12165,10507,358,1300
27-11-2020,191,6,113,72,12356,10620,364,1372
28-11-2020,234,2,89,143,12590,10709,366,1515
29-11-2020,151,5,145,1,12741,10854,371,1516
30-11-2020,262,4,122,136,13003,10976,375,1652
01-12-2020,154,2,120,32,13157,11096,377,1684
02-12-2020,121,4,109,8,13278,11205,381,1692
03-12-2020,131,3,125,3,13409,11330,384,1695
04-12-2020,130,5,91,34,13539,11421,389,1729
05-12-2020,143,6,140,-3,13682,11561,395,1726
06-12-2020,134,3,158,-27,13816,11719,398,1699
07-12-2020,133,7,169,-43,13949,11888,405,1656
08-12-2020,98,5,154,-61,14047,12042,410,1595
09-12-2020,166,4,159,3,14213,12201,414,1598
10-12-2020,169,5,177,-13,14382,12378,419,1585
11-12-2020,192,5,142,45,14574,12520,424,1630
12-12-2020,204,4,168,32,14778,12688,428,1662
13-12-2020,136,3,109,24,14914,12797,431,1686
14-12-2020,138,4,146,-12,15052,12943,435,1674
15-12-2020,166,6,151,9,15218,13094,441,1683
16-12-2020,176,5,131,40,15394,13225,446,1723
17-12-2020,181,4,142,35,15575,13367,450,1758
18-12-2020,156,8,123,25,15731,13490,458,1783
19-12-2020,180,7,171,2,15911,13661,465,1785
20-12-2020,194,3,164,27,16105,13825,468,1812
21-12-2020,190,4,148,38,16295,13973,472,1850
22-12-2020,239,5,145,89,16534,14118,477,1939
23-12-2020,185,6,133,46,16719,14251,483,1985
24-12-2020,154,4,150,0,16873,14401,487,1985
25-12-2020,166,5,213,-52,17039,14614,492,1933
26-12-2020,241,6,165,70,17280,14779,498,2003
27-12-2020,150,4,155,-9,17430,14934,502,1994
28-12-2020,120,3,203,-86,17550,15137,505,1908
29-12-2020,121,7,123,-9,17671,15260,512,1899
30-12-2020,172,6,154,12,17843,15414,518,1911
31-12-2020,269,2,169,98,18112,15583,520,2009
01-01-2021,287,12,188,87,18399,15771,532,2096
02-01-2021,246,9,342,-105,18645,16113,541,1991
03-01-2021,136,2,127,7,18781,16240,543,1998
04-01-2021,158,4,250,-96,18939,16490,547,1902
05-01-2021,164,8,203,-47,19103,16693,555,1855
06-01-2021,188,5,131,52,19291,16824,560,1907
07-01-2021,364,7,211,146,19655,17035,567,2053
08-01-2021,253,6,213,34,19908,17248,573,2087
09-01-2021,275,7,166,102,20183,17414,580,2189
10-01-2021,272,7,209,56,20455,17623,587,2245
11-01-2021,177,5,196,-24,20632,17819,592,2221
12-01-2021,174,19,605,-450,20806,18424,611,1771
13-01-2021,185,7,250,-72,20991,18674,618,1699
14-01-2021,240,6,211,23,21231,18885,624,1722
15-01-2021,281,10,275,-4,21512,19160,634,1718
16-01-2021,257,5,176,76,21769,19336,639,1794
17-01-2021,283,7,224,52,22052,19560,646,1846
18-01-2021,245,3,422,-180,22297,19982,649,1666
19-01-2021,183,0,277,-94,22480,20259,649,1572
20-01-2021,286,8,229,49,22766,20488,657,1621
21-01-2021,236,3,165,68,23002,20653,660,1689
22-01-2021,320,3,234,83,23322,20887,663,1772
23-01-2021,357,10,206,141,23679,21093,673,1913
24-01-2021,410,3,175,232,24089,21268,676,2145
25-01-2021,289,4,165,120,24378,21433,680,2265
26-01-2021,525,7,309,209,24903,21742,687,2474
27-01-2021,302,6,146,150,25205,21888,693,2624
28-01-2021,44,8,618,-582,25249,22506,701,2042
29-01-2021,326,3,269,54,25575,22775,704,2096
30-01-2021,300,3,136,161,25875,22911,707,2257
31-01-2021,271,4,210,57,26146,23121,711,2314
01-02-2021,34,5,158,-129,26180,23279,716,2185
02-02-2021,37,18,542,-523,26217,23821,734,1662
03-02-2021,129,4,290,-165,26346,24111,738,1497
04-02-2021,26,5,196,-175,26372,24307,743,1322
05-02-2021,67,7,160,-100,26439,24467,750,1222
06-02-2021,47,5,245,-203,26486,24712,755,1019
07-02-2021,90,4,172,-86,26576,24884,759,933
08-02-2021,42,13,612,-583,26618,25496,772,350
09-02-2021,65,2,280,-217,26683,25776,774,133
10-02-2021,30,4,195,-169,26713,25971,778,-36
11-02-2021,40,4,190,-154,26753,26161,782,-190
12-02-2021,147,1,134,12,26900,26295,783,-178
13-02-2021,114,9,382,-277,27014,26677,792,-455
14-02-2021,74,7,179,-112,27088,26856,799,-567
15-02-2021,179,5,258,-84,27267,27114,804,-651
16-02-2021,351,11,245,95,27618,27359,815,-556
17-02-2021,334,4,223,107,27952,27582,819,-449
18-02-2021,86,9,325,-248,28038,27907,828,-697
19-02-2021,73,2,334,-263,28111,28241,830,-960
20-02-2021,73,7,129,-63,28184,28370,837,-1023
21-02-2021,249,6,107,136,28433,28477,843,-887
22-02-2021,113,3,246,-136,28546,28723,846,-1023
23-02-2021,251,6,317,-72,28797,29040,852,-1095
24-02-2021,41,7,185,-151,28838,29225,859,-1246
25-02-2021,263,4,214,45,29101,29439,863,-1201
26-02-2021,236,3,281,-48,29337,29720,866,-1249
27-02-2021,35,7,178,-150,29372,29898,873,-1399
28-02-2021,46,4,220,-178,29418,30118,877,-1577
01-03-2021,21,3,194,-176,29439,30312,880,-1753
02-03-2021,97,2,193,-98,29536,30505,882,-1851
03-03-2021,72,5,245,-178,29608,30750,887,-2029
04-03-2021,11,5,260,-254,29619,31010,892,-2283
05-03-2021,515,7,184,324,30134,31194,899,-1959
06-03-2021,13,2,97,-86,30147,31291,901,-2045
07-03-2021,12,3,156,-147,30159,31447,904,-2192
08-03-2021,591,4,185,402,30750,31632,908,-1790
09-03-2021,100,3,256,-159,30850,31888,911,-1949
10-03-2021,138,1,159,-22,30988,32047,912,-1971
11-03-2021,49,1,184,-136,31037,32231,913,-2107
12-03-2021,484,6,83,395,31521,32314,919,-1712
13-03-2021,247,0,85,162,31768,32399,919,-1550
14-03-2021,315,2,67,246,32083,32466,921,-1304
15-03-2021,290,2,125,163,32373,32591,923,-1141
16-03-2021,247,2,132,113,32620,32723,925,-1028
17-03-2021,861,3,249,609,33481,32972,928,-419
18-03-2021,293,4,80,209,33774,33052,932,-210
19-03-2021,324,5,80,239,34098,33132,937,29
20-03-2021,233,2,64,167,34331,33196,939,196
21-03-2021,211,0,47,164,34542,33243,939,360
22-03-2021,440,0,46,394,34982,33289,939,754
23-03-2021,298,2,76,220,35280,33365,941,974
24-03-2021,258,1,165,92,35538,33530,942,1066
25-03-2021,91,0,47,44,35629,33577,942,1110
26-03-2021,176,2,51,123,35805,33628,944,1233
27-03-2021,220,0,71,149,36025,33699,944,1382
28-03-2021,79,0,29,50,36104,33728,944,1432
29-03-2021,328,1,90,237,36432,33818,945,1669
30-03-2021,319,1,90,228,36751,33908,946,1897
31-03-2021,950,5,701,244,37701,34609,951,2141
01-04-2021,905,12,751,142,38606,35360,963,2283
02-04-2021,850,8,364,478,39456,35724,971,2761
03-04-2021,910,11,154,745,40366,35878,982,3506
04-04-2021,3501,177,5599,-2275,43867,41477,1159,1231
05-04-2021,259,0,87,172,44126,41564,1159,1403
06-04-2021,187,0,11,176,44313,41575,1159,1579
07-04-2021,163,1,128,34,44476,41703,1160,1613
08-04-2021,121,1,38,82,44597,41741,1161,1695
09-04-2021,143,4,61,78,44740,41802,1165,1773
10-04-2021,99,2,25,72,44839,41827,1167,1845
11-04-2021,105,1,65,39,44944,41892,1168,1884
12-04-2021,331,2,205,124,45275,42097,1170,2008
13-04-2021,183,1,152,30,45458,42249,1171,2038
14-04-2021,86,1,102,-17,45544,42351,1172,2021
15-04-2021,81,1,95,-15,45625,42446,1173,2006
16-04-2021,152,3,54,95,45777,42500,1176,2101
17-04-2021,102,9,77,16,45879,42577,1185,2117
18-04-2021,50,0,249,-199,45929,42826,1185,1918
19-04-2021,75,1,36,38,46004,42862,1186,1956
20-04-2021,109,1,39,69,46113,42901,1187,2025
21-04-2021,70,2,167,-99,46183,43068,1189,1926
22-04-2021,102,1,93,8,46285,43161,1190,1934
23-04-2021,173,2,98,73,46458,43259,1192,2007
24-04-2021,58,0,122,-64,46516,43381,1192,1943
25-04-2021,80,2,136,-58,46596,43517,1194,1885
26-04-2021,220,1,170,49,46816,43687,1195,1934
27-04-2021,227,0,198,29,47043,43885,1195,1963
28-04-2021,60,0,54,6,47103,43939,1195,1969
29-04-2021,110,0,130,-20,47213,44069,1195,1949
30-04-2021,72,10,32,30,47285,44101,1205,1979
01-05-2021,53,0,28,25,47338,44129,1205,2004
02-05-2021,55,2,68,-15,47393,44197,1207,1989
03-05-2021,126,0,44,82,47519,44241,1207,2071
04-05-2021,112,4,163,-55,47631,44404,1211,2016
05-05-2021,73,3,193,-123,47704,44597,1214,1893
06-05-2021,65,1,37,27,47769,44634,1215,1920
07-05-2021,68,0,50,18,47837,44684,1215,1938
08-05-2021,81,4,32,45,47918,44716,1219,1983
09-05-2021,61,0,174,-113,47979,44890,1219,1870
10-05-2021,92,4,71,17,48071,44961,1223,1887
11-05-2021,82,1,45,36,48153,45006,1224,1923
12-05-2021,56,0,24,32,48209,45030,1224,1955
13-05-2021,34,0,1,33,48243,45031,1224,1988
14-05-2021,39,0,15,24,48282,45046,1224,2012
15-05-2021,22,0,99,-77,48304,45145,1224,1935
16-05-2021,66,2,42,22,48370,45187,1226,1957
17-05-2021,53,2,320,-269,48423,45507,1228,1688
18-05-2021,29,2,0,27,48452,45507,1230,1715
19-05-2021,53,1,64,-12,48505,45571,1231,1703
20-05-2021,87,1,344,-258,48592,45915,1232,1445
21-05-2021,62,2,84,-24,48654,45999,1234,1421
22-05-2021,66,4,100,-38,48720,46099,1238,1383
23-05-2021,36,2,52,-18,48756,46151,1240,1365
24-05-2021,49,1,51,-3,48805,46202,1241,1362
25-05-2021,89,2,9,78,48894,46211,1243,1440
26-05-2021,44,0,23,21,48938,46234,1243,1461
27-05-2021,156,2,45,109,49094,46279,1245,1570
28-05-2021,53,2,62,-11,49147,46341,1247,1559
29-05-2021,72,3,71,-2,49219,46412,1250,1557
30-05-2021,46,0,60,-14,49265,46472,1250,1543
31-05-2021,153,2,279,-128,49418,46751,1252,1415
01-06-2021,119,1,30,88,49537,46781,1253,1503
02-06-2021,69,0,55,14,49606,46836,1253,1517
03-06-2021,100,3,87,10,49706,46923,1256,1527
04-06-2021,142,3,23,116,49848,46946,1259,1643
05-06-2021,89,2,33,54,49937,46979,1261,1697
06-06-2021,47,0,32,15,49984,47011,1261,1712
07-06-2021,100,0,42,58,50084,47053,1261,1770
08-06-2021,142,4,86,52,50226,47139,1265,1822
09-06-2021,103,1,25,77,50329,47164,1266,1899
10-06-2021,188,4,50,134,50517,47214,1270,2033
11-06-2021,214,2,162,50,50731,47376,1272,2083
12-06-2021,214,3,84,127,50945,47460,1275,2210
13-06-2021,198,4,50,144,51143,47510,1279,2354
14-06-2021,255,3,53,199,51398,47563,1282,2553
15-06-2021,141,1,54,86,51539,47617,1283,2639
16-06-2021,157,3,38,116,51696,47655,1286,2755
17-06-2021,168,6,31,131,51864,47686,1292,2886
18-06-2021,249,1,166,82,52113,47852,1293,2968
19-06-2021,278,7,105,166,52391,47957,1300,3134
20-06-2021,228,4,151,73,52619,48108,1304,3207
21-06-2021,333,7,87,239,52952,48195,1311,3446
22-06-2021,462,4,233,225,53414,48428,1315,3671
23-06-2021,275,9,220,46,53689,48648,1324,3717
24-06-2021,599,5,197,397,54288,48845,1329,4114
25-06-2021,313,5,30,278,54601,48875,1334,4392
26-06-2021,266,4,19,243,54867,48894,1338,4635
27-06-2021,698,19,289,390,55565,49183,1357,5025
28-06-2021,494,7,195,292,56059,49378,1364,5317
29-06-2021,521,9,201,311,56580,49579,1373,5628
30-06-2021,486,17,74,395,57066,49653,1390,6023
01-07-2021,300,2,19,279,57366,49672,1392,6302
02-07-2021,302,5,20,277,57668,49692,1397,6579
03-07-2021,715,7,21,687,58383,49713,1404,7266
04-07-2021,621,17,25,579,59004,49738,1421,7845
05-07-2021,541,3,25,513,59545,49763,1424,8358
06-07-2021,457,6,268,183,60002,50031,1430,8541
07-07-2021,612,13,168,431,60614,50199,1443,8972
08-07-2021,503,5,143,355,61117,50342,1448,9327
09-07-2021,514,4,49,461,61631,50391,1452,9788
10-07-2021,569,8,464,97,62200,50855,1460,9885
11-07-2021,679,9,305,365,62879,51160,1469,10250
12-07-2021,2637,8,322,2307,65516,51482,1477,12557
13-07-2021,4016,2,985,3029,69532,52467,1479,15586
14-07-2021,3886,21,378,3487,73418,52845,1500,19073
15-07-2021,3994,10,884,3100,77412,53729,1510,22173
16-07-2021,3680,19,801,2860,81092,54530,1529,25033
17-07-2021,3424,12,468,2944,84516,54998,1541,27977
18-07-2021,3138,9,310,2819,87654,55308,1550,30796
19-07-2021,2165,5,399,1761,89819,55707,1555,32557
20-07-2021,2865,10,480,2375,92684,56187,1565,34932
21-07-2021,1903,29,1316,558,94587,57503,1594,35490
22-07-2021,3333,20,775,2538,97920,58278,1614,38028
23-07-2021,2626,25,420,2181,100546,58698,1639,40209
24-07-2021,2328,15,458,1855,102874,59156,1654,42064
25-07-2021,1619,15,503,1101,104493,59659,1669,43165
26-07-2021,883,10,788,85,105376,60447,1679,43250
27-07-2021,1610,35,915,660,106986,61362,1714,43910
28-07-2021,1642,40,1645,-43,108628,63007,1754,43867
29-07-2021,1464,28,3958,-2522,110092,66965,1782,41345
30-07-2021,1209,56,2401,-1248,111301,69366,1838,40097
31-07-2021,1366,81,3992,-2707,112667,73358,1919,37390
01-08-2021,1325,72,8040,-6787,113992,81398,1991,30603
02-08-2021,1061,90,3261,-2290,115053,84659,2081,28313
03-08-2021,1368,85,1311,-28,116421,85970,2166,28285
04-08-2021,976,80,2416,-1520,117397,88386,2246,26765
05-08-2021,964,17,771,176,118361,89157,2263,26941
06-08-2021,1003,16,6899,-5912,119364,96056,2279,21029
07-08-2021,810,14,2621,-1825,120174,98677,2293,19204
08-08-2021,450,25,2072,-1647,120624,100749,2318,17557
09-08-2021,337,31,2487,-2181,120961,103236,2349,15376
10-08-2021,842,15,1510,-683,121803,104746,2364,14693
11-08-2021,675,29,1245,-599,122478,105991,2393,14094
12-08-2021,395,24,351,20,122873,106342,2417,14114
13-08-2021,713,17,3824,-3128,123586,110166,2434,10986
14-08-2021,605,17,1053,-465,124191,111219,2451,10521
15-08-2021,406,25,1419,-1038,124597,112638,2476,9483
16-08-2021,208,20,1399,-1211,124805,114037,2496,8272
17-08-2021,402,13,1321,-932,125207,115358,2509,7340
18-08-2021,210,15,631,-436,125417,115989,2524,6904
19-08-2021,395,17,408,-30,125812,116397,2541,6874
20-08-2021,449,4,470,-25,126261,116867,2545,6849
21-08-2021,374,6,152,216,126635,117019,2551,7065
22-08-2021,214,2,862,-650,126849,117881,2553,6415
23-08-2021,124,10,960,-846,126973,118841,2563,5569
24-08-2021,360,9,320,31,127333,119161,2572,5600
25-08-2021,355,8,535,-188,127688,119696,2580,5412
26-08-2021,239,7,910,-678,127927,120606,2587,4734
27-08-2021,266,6,424,-164,128193,121030,2593,4570
28-08-2021,216,5,508,-297,128409,121538,2598,4273
29-08-2021,177,3,105,69,128586,121643,2601,4342
30-08-2021,101,7,966,-872,128687,122609,2608,3470
