tanggal,KASUS,MENINGGAL,SEMBUH,DIRAWAT_OR_ISOLASI,AKUMULASI_KASUS,AKUMULASI_SEMBUH,AKUMULASI_MENINGGAL,AKUMULASI_DIRAWAT_OR_ISOLASI
03-03-2020,1,1,0,0,1,0,1,0
04-03-2020,1,0,0,1,2,0,1,1
05-03-2020,1,0,0,1,3,0,1,2
06-03-2020,1,0,0,1,4,0,1,3
07-03-2020,0,0,0,0,4,0,1,3
08-03-2020,0,0,0,0,4,0,1,3
09-03-2020,0,0,0,0,4,0,1,3
10-03-2020,0,0,0,0,4,0,1,3
11-03-2020,0,1,0,-1,4,0,2,2
12-03-2020,1,0,0,1,5,0,2,3
13-03-2020,4,0,1,3,9,1,2,6
14-03-2020,0,0,0,0,9,1,2,6
15-03-2020,0,0,2,-2,9,3,2,4
16-03-2020,0,0,2,-2,9,5,2,2
17-03-2020,11,0,0,11,20,5,2,13
18-03-2020,4,1,2,1,24,7,3,14
19-03-2020,5,1,1,3,29,8,4,17
20-03-2020,16,4,0,12,45,8,8,29
21-03-2020,5,0,0,5,50,8,8,34
22-03-2020,3,3,1,-1,53,9,11,33
23-03-2020,6,4,0,2,59,9,15,35
24-03-2020,2,2,2,-2,61,11,17,33
25-03-2020,5,0,1,4,66,12,17,37
26-03-2020,5,1,0,4,71,12,18,41
27-03-2020,16,3,1,12,87,13,21,53
28-03-2020,19,3,1,15,106,14,24,68
29-03-2020,27,3,3,21,133,17,27,89
30-03-2020,19,3,5,11,152,22,30,100
31-03-2020,7,0,3,4,159,25,30,104
01-04-2020,20,1,2,17,179,27,31,121
02-04-2020,15,5,1,9,194,28,36,130
03-04-2020,2,1,2,-1,196,30,37,129
04-04-2020,20,4,2,14,216,32,41,143
05-04-2020,6,2,1,3,222,33,43,146
06-04-2020,10,3,4,3,232,37,46,149
07-04-2020,76,3,2,71,308,39,49,220
08-04-2020,22,5,4,13,330,43,54,233
09-04-2020,12,6,4,2,342,47,60,235
10-04-2020,10,0,1,9,352,48,60,244
11-04-2020,29,4,4,21,381,52,64,265
12-04-2020,17,4,2,11,398,54,68,276
13-04-2020,59,3,1,55,457,55,71,331
14-04-2020,4,1,5,-2,461,60,72,329
15-04-2020,30,0,2,28,491,62,72,357
16-04-2020,7,1,13,-7,498,75,73,350
17-04-2020,42,4,17,21,540,92,77,371
18-04-2020,11,0,4,7,551,96,77,378
19-04-2020,50,1,13,36,601,109,78,414
20-04-2020,7,4,5,-2,608,114,82,412
21-04-2020,8,6,24,-22,616,138,88,390
22-04-2020,4,1,3,0,620,141,89,390
23-04-2020,18,4,14,0,638,155,93,390
24-04-2020,71,2,4,65,709,159,95,455
25-04-2020,18,0,6,12,727,165,95,467
26-04-2020,10,0,2,8,737,167,95,475
27-04-2020,34,1,8,25,771,175,96,500
28-04-2020,1,1,8,-8,772,183,97,492
29-04-2020,20,0,13,7,792,196,97,499
30-04-2020,1,5,28,-32,793,224,102,467
01-05-2020,1,4,4,-7,794,228,106,460
02-05-2020,32,2,4,26,826,232,108,486
03-05-2020,11,1,6,4,837,238,109,490
04-05-2020,179,2,12,165,1016,250,111,655
05-05-2020,40,1,4,35,1056,254,112,690
06-05-2020,6,2,11,-7,1062,265,114,683
07-05-2020,43,0,10,33,1105,275,114,716
08-05-2020,608,2,5,601,1713,280,116,1317
09-05-2020,35,3,27,5,1748,307,119,1322
10-05-2020,3,0,6,-3,1751,313,119,1319
11-05-2020,58,4,16,38,1809,329,123,1357
12-05-2020,50,0,9,41,1859,338,123,1398
13-05-2020,7,0,31,-24,1866,369,123,1374
14-05-2020,12,1,16,-5,1878,385,124,1369
15-05-2020,36,2,29,5,1914,414,126,1374
16-05-2020,17,0,10,7,1931,424,126,1381
17-05-2020,52,3,50,-1,1983,474,129,1380
18-05-2020,26,9,82,-65,2009,556,138,1315
19-05-2020,25,1,21,3,2034,577,139,1318
20-05-2020,120,0,12,108,2154,589,139,1426
21-05-2020,63,1,17,45,2217,606,140,1471
22-05-2020,67,2,24,41,2284,630,142,1512
23-05-2020,64,0,9,55,2348,639,142,1567
24-05-2020,32,1,11,20,2380,650,143,1587
25-05-2020,16,0,6,10,2396,656,143,1597
26-05-2020,33,4,19,10,2429,675,147,1607
27-05-2020,30,6,46,-22,2459,721,153,1585
28-05-2020,40,0,25,15,2499,746,153,1600
29-05-2020,56,1,21,34,2555,767,154,1634
30-05-2020,33,0,9,24,2588,776,154,1658
31-05-2020,10,0,4,6,2598,780,154,1664
01-06-2020,8,0,4,4,2606,784,154,1668
02-06-2020,26,4,45,-23,2632,829,158,1645
03-06-2020,3,3,43,-43,2635,872,161,1602
04-06-2020,11,1,26,-16,2646,898,162,1586
05-06-2020,22,1,37,-16,2668,935,163,1570
06-06-2020,8,0,17,-9,2676,952,163,1561
07-06-2020,34,0,18,16,2710,970,163,1577
08-06-2020,26,3,81,-58,2736,1051,166,1519
09-06-2020,26,0,15,11,2762,1066,166,1530
10-06-2020,49,0,44,5,2811,1110,166,1535
11-06-2020,36,0,28,8,2847,1138,166,1543
12-06-2020,20,0,53,-33,2867,1191,166,1510
13-06-2020,23,1,47,-25,2890,1238,167,1485
14-06-2020,22,0,10,12,2912,1248,167,1497
15-06-2020,41,1,13,27,2953,1261,168,1524
16-06-2020,25,0,30,-5,2978,1291,168,1519
17-06-2020,39,7,33,-1,3017,1324,175,1518
18-06-2020,55,0,16,39,3072,1340,175,1557
19-06-2020,64,0,38,26,3136,1378,175,1583
20-06-2020,19,1,7,11,3155,1385,176,1594
21-06-2020,26,0,4,22,3181,1389,176,1616
22-06-2020,31,0,30,1,3212,1419,176,1617
23-06-2020,50,0,20,30,3262,1439,176,1647
24-06-2020,50,0,22,28,3312,1461,176,1675
25-06-2020,59,2,65,-8,3371,1526,178,1667
26-06-2020,39,2,121,-84,3410,1647,180,1583
27-06-2020,19,0,21,-2,3429,1668,180,1581
28-06-2020,28,1,9,18,3457,1677,181,1599
29-06-2020,65,0,15,50,3522,1692,181,1649
30-06-2020,43,1,44,-2,3565,1736,182,1647
01-07-2020,68,0,9,59,3633,1745,182,1706
02-07-2020,63,0,43,20,3696,1788,182,1726
03-07-2020,37,0,12,25,3733,1800,182,1751
04-07-2020,83,0,27,56,3816,1827,182,1807
05-07-2020,108,1,13,94,3924,1840,183,1901
06-07-2020,128,0,27,101,4052,1867,183,2002
07-07-2020,102,2,69,31,4154,1936,185,2033
08-07-2020,103,1,7,95,4257,1943,186,2128
09-07-2020,972,4,38,930,5229,1981,190,3058
10-07-2020,118,0,51,67,5347,2032,190,3125
11-07-2020,73,1,19,53,5420,2051,191,3178
12-07-2020,45,0,9,36,5465,2060,191,3214
13-07-2020,76,0,34,42,5541,2094,191,3256
14-07-2020,62,1,44,17,5603,2138,192,3273
15-07-2020,80,2,127,-49,5683,2265,194,3224
16-07-2020,55,1,28,26,5738,2293,195,3250
17-07-2020,57,2,46,9,5795,2339,197,3259
18-07-2020,67,1,22,44,5862,2361,198,3303
19-07-2020,24,0,6,18,5886,2367,198,3321
20-07-2020,63,1,67,-5,5949,2434,199,3316
21-07-2020,63,4,56,3,6012,2490,203,3319
22-07-2020,45,0,34,11,6057,2524,203,3330
23-07-2020,53,1,56,-4,6110,2580,204,3326
24-07-2020,100,2,21,77,6210,2601,206,3403
25-07-2020,66,0,39,27,6276,2640,206,3430
26-07-2020,59,1,26,32,6335,2666,207,3462
27-07-2020,58,1,419,-362,6393,3085,208,3100
28-07-2020,158,0,628,-470,6551,3713,208,2630
29-07-2020,120,3,63,54,6671,3776,211,2684
30-07-2020,131,6,346,-221,6802,4122,217,2463
31-07-2020,48,0,19,29,6850,4141,217,2492
01-08-2020,65,0,21,44,6915,4162,217,2536
02-08-2020,79,2,14,63,6994,4176,219,2599
03-08-2020,68,0,26,42,7062,4202,219,2641
04-08-2020,122,0,87,35,7184,4289,219,2676
05-08-2020,140,1,17,122,7324,4306,220,2798
06-08-2020,89,1,43,45,7413,4349,221,2843
07-08-2020,148,4,50,94,7561,4399,225,2937
08-08-2020,247,5,52,190,7808,4451,230,3127
09-08-2020,177,5,55,117,7985,4506,235,3244
10-08-2020,96,0,45,51,8081,4551,235,3295
11-08-2020,106,4,36,66,8187,4587,239,3361
12-08-2020,125,1,80,44,8312,4667,240,3405
13-08-2020,176,3,18,155,8488,4685,243,3560
14-08-2020,290,3,28,259,8778,4713,246,3819
15-08-2020,266,0,49,217,9044,4762,246,4036
16-08-2020,72,4,50,18,9116,4812,250,4054
17-08-2020,61,0,54,7,9177,4866,250,4061
18-08-2020,92,2,36,54,9269,4902,252,4115
19-08-2020,116,6,74,36,9385,4976,258,4151
20-08-2020,223,4,76,143,9608,5052,262,4294
21-08-2020,85,11,142,-68,9693,5194,273,4226
22-08-2020,193,2,124,67,9886,5318,275,4293
23-08-2020,78,3,505,-430,9964,5823,278,3863
24-08-2020,139,3,238,-102,10103,6061,281,3761
25-08-2020,271,2,58,211,10374,6119,283,3972
26-08-2020,178,0,54,124,10552,6173,283,4096
27-08-2020,183,1,127,55,10735,6300,284,4151
28-08-2020,583,4,108,471,11318,6408,288,4622
29-08-2020,297,1,45,251,11615,6453,289,4873
30-08-2020,96,1,26,69,11711,6479,290,4942
31-08-2020,177,13,117,47,11888,6596,303,4989
01-09-2020,273,1,75,197,12161,6671,304,5186
02-09-2020,192,3,169,20,12353,6840,307,5206
03-09-2020,214,6,81,127,12567,6921,313,5333
04-09-2020,412,2,104,306,12979,7025,315,5639
05-09-2020,232,1,69,162,13211,7094,316,5801
06-09-2020,114,1,61,52,13325,7155,317,5853
07-09-2020,206,6,138,62,13531,7293,323,5915
08-09-2020,351,5,96,250,13882,7389,328,6165
09-09-2020,322,7,80,235,14204,7469,335,6400
10-09-2020,380,1,23,356,14584,7492,336,6756
11-09-2020,268,3,101,164,14852,7593,339,6920
12-09-2020,309,3,367,-61,15161,7960,342,6859
13-09-2020,147,2,158,-13,15308,8118,344,6846
14-09-2020,207,3,212,-8,15515,8330,347,6838
15-09-2020,449,10,280,159,15964,8610,357,6997
16-09-2020,350,2,285,63,16314,8895,359,7060
17-09-2020,406,7,359,40,16720,9254,366,7100
18-09-2020,486,5,263,218,17206,9517,371,7318
19-09-2020,498,0,570,-72,17704,10087,371,7246
20-09-2020,466,9,475,-18,18170,10562,380,7228
21-09-2020,481,4,333,144,18651,10895,384,7372
22-09-2020,623,6,284,333,19274,11179,390,7705
23-09-2020,497,17,203,277,19771,11382,407,7982
24-09-2020,751,15,311,425,20522,11693,422,8407
25-09-2020,464,9,889,-434,20986,12582,431,7973
26-09-2020,425,14,439,-28,21411,13021,445,7945
27-09-2020,498,2,280,216,21909,13301,447,8161
28-09-2020,559,5,365,189,22468,13666,452,8350
29-09-2020,434,15,210,209,22902,13876,467,8559
30-09-2020,547,17,310,220,23449,14186,484,8779
01-10-2020,582,18,197,367,24031,14383,502,9146
02-10-2020,646,15,275,356,24677,14658,517,9502
03-10-2020,409,15,231,163,25086,14889,532,9665
04-10-2020,310,14,150,146,25396,15039,546,9811
05-10-2020,606,19,880,-293,26002,15919,565,9518
06-10-2020,566,19,272,275,26568,16191,584,9793
07-10-2020,810,20,457,333,27378,16648,604,10126
08-10-2020,618,7,340,271,27996,16988,611,10397
09-10-2020,520,3,513,4,28516,17501,614,10401
10-10-2020,282,6,388,-112,28798,17889,620,10289
11-10-2020,247,5,472,-230,29045,18361,625,10059
12-10-2020,276,9,406,-139,29321,18767,634,9920
13-10-2020,604,3,594,7,29925,19361,637,9927
14-10-2020,467,14,609,-156,30392,19970,651,9771
15-10-2020,597,10,385,202,30989,20355,661,9973
16-10-2020,507,1,455,51,31496,20810,662,10024
17-10-2020,491,3,538,-50,31987,21348,665,9974
18-10-2020,270,1,378,-109,32257,21726,666,9865
19-10-2020,541,6,407,128,32798,22133,672,9993
20-10-2020,487,11,260,216,33285,22393,683,10209
21-10-2020,597,12,422,163,33882,22815,695,10372
22-10-2020,761,7,215,539,34643,23030,702,10911
23-10-2020,505,2,341,162,35148,23371,704,11073
24-10-2020,402,4,612,-214,35550,23983,708,10859
25-10-2020,398,3,434,-39,35948,24417,711,10820
26-10-2020,464,15,412,37,36412,24829,726,10857
27-10-2020,424,17,706,-299,36836,25535,743,10558
28-10-2020,427,10,492,-75,37263,26027,753,10483
29-10-2020,425,2,423,0,37688,26450,755,10483
30-10-2020,354,4,452,-102,38042,26902,759,10381
31-10-2020,469,3,368,98,38511,27270,762,10479
01-11-2020,239,2,584,-347,38750,27854,764,10132
02-11-2020,325,13,375,-63,39075,28229,777,10069
03-11-2020,517,3,428,86,39592,28657,780,10155
04-11-2020,571,4,269,298,40163,28926,784,10453
05-11-2020,667,4,405,258,40830,29331,788,10711
06-11-2020,628,3,430,195,41458,29761,791,10906
07-11-2020,444,4,441,-1,41902,30202,795,10905
08-11-2020,510,4,568,-62,42412,30770,799,10843
09-11-2020,328,5,854,-531,42740,31624,804,10312
10-11-2020,792,9,926,-143,43532,32550,813,10169
11-11-2020,665,5,441,219,44197,32991,818,10388
12-11-2020,832,22,592,218,45029,33583,840,10606
13-11-2020,788,10,406,372,45817,33989,850,10978
14-11-2020,887,5,434,448,46704,34423,855,11426
15-11-2020,447,2,859,-414,47151,35282,857,11012
16-11-2020,629,21,613,-5,47780,35895,878,11007
17-11-2020,880,26,853,1,48660,36748,904,11008
18-11-2020,512,5,845,-338,49172,37593,909,10670
19-11-2020,580,14,586,-20,49752,38179,923,10650
20-11-2020,1028,3,188,837,50780,38367,926,11487
21-11-2020,474,6,636,-168,51254,39003,932,11319
22-11-2020,498,5,215,278,51752,39218,937,11597
23-11-2020,718,2,897,-181,52470,40115,939,11416
24-11-2020,506,7,518,-19,52976,40633,946,11397
25-11-2020,815,13,784,18,53791,41417,959,11415
26-11-2020,828,10,943,-125,54619,42360,969,11290
27-11-2020,758,7,759,-8,55377,43119,976,11282
28-11-2020,510,7,1012,-509,55887,44131,983,10773
29-11-2020,354,13,877,-536,56241,45008,996,10237
30-11-2020,525,13,844,-332,56766,45852,1009,9905
01-12-2020,971,23,1025,-77,57737,46877,1032,9828
02-12-2020,748,9,400,339,58485,47277,1041,10167
03-12-2020,1724,26,987,711,60209,48264,1067,10878
04-12-2020,1075,5,964,106,61284,49228,1072,10984
05-12-2020,907,3,733,171,62191,49961,1075,11155
06-12-2020,1356,10,1246,100,63547,51207,1085,11255
07-12-2020,1163,15,1246,-98,64710,52453,1100,11157
08-12-2020,898,12,602,284,65608,53055,1112,11441
09-12-2020,1061,21,600,440,66669,53655,1133,11881
10-12-2020,977,37,742,198,67646,54397,1170,12079
11-12-2020,1194,28,874,292,68840,55271,1198,12371
12-12-2020,1287,9,905,373,70127,56176,1207,12744
13-12-2020,892,9,489,394,71019,56665,1216,13138
14-12-2020,730,18,1015,-303,71749,57680,1234,12835
15-12-2020,1413,16,1224,173,73162,58904,1250,13008
16-12-2020,1495,13,1052,430,74657,59956,1263,13438
17-12-2020,1175,21,872,282,75832,60828,1284,13720
18-12-2020,1335,11,1003,321,77167,61831,1295,14041
19-12-2020,888,3,884,1,78055,62715,1298,14042
20-12-2020,1208,8,1173,27,79263,63888,1306,14069
21-12-2020,878,9,868,1,80141,64756,1315,14070
22-12-2020,1060,8,762,290,81201,65518,1323,14360
23-12-2020,781,10,1075,-304,81982,66593,1333,14056
24-12-2020,1004,19,757,228,82986,67350,1352,14284
25-12-2020,1223,5,637,581,84209,67987,1357,14865
26-12-2020,470,6,959,-495,84679,68946,1363,14370
27-12-2020,1211,49,1246,-84,85890,70192,1412,14286
28-12-2020,525,4,827,-306,86415,71019,1416,13980
29-12-2020,1298,8,1231,59,87713,72250,1424,14039
30-12-2020,1243,6,1370,-133,88956,73620,1430,13906
31-12-2020,1260,16,1300,-56,90216,74920,1446,13850
01-01-2021,1376,15,955,406,91592,75875,1461,14256
02-01-2021,1214,7,1150,57,92806,77025,1468,14313
03-01-2021,916,7,825,84,93722,77850,1475,14397
04-01-2021,1224,8,1066,150,94946,78916,1483,14547
05-01-2021,1203,12,1024,167,96149,79940,1495,14714
06-01-2021,1255,19,1594,-358,97404,81534,1514,14356
07-01-2021,1203,5,1136,62,98607,82670,1519,14418
08-01-2021,1775,10,916,849,100382,83586,1529,15267
09-01-2021,1628,9,1139,480,102010,84725,1538,15747
10-01-2021,1341,9,969,363,103351,85694,1547,16110
11-01-2021,1295,14,1229,52,104646,86923,1561,16162
12-01-2021,1757,21,1280,456,106403,88203,1582,16618
13-01-2021,1483,17,1356,110,107886,89559,1599,16728
14-01-2021,2107,14,863,1230,109993,90422,1613,17958
15-01-2021,1240,16,1120,104,111233,91542,1629,18062
16-01-2021,1800,10,528,1262,113033,92070,1639,19324
17-01-2021,1489,11,512,966,114522,92582,1650,20290
18-01-2021,1774,29,1082,663,116296,93664,1679,20953
19-01-2021,1800,23,1290,487,118096,94954,1702,21440
20-01-2021,1909,17,1505,387,120005,96459,1719,21827
21-01-2021,1721,77,1682,-38,121726,98141,1796,21789
22-01-2021,2767,14,1747,1006,124493,99888,1810,22795
23-01-2021,1742,21,1973,-252,126235,101861,1831,22543
24-01-2021,2388,12,1769,607,128623,103630,1843,23150
25-01-2021,1757,14,1331,412,130380,104961,1857,23562
26-01-2021,3836,18,2265,1553,134216,107226,1875,25115
27-01-2021,3686,110,1499,2077,137902,108725,1985,27192
28-01-2021,3997,170,2466,1361,141899,111191,2155,28553
29-01-2021,3674,11,2064,1599,145573,113255,2166,30152
30-01-2021,4841,34,2773,2034,150414,116028,2200,32186
31-01-2021,2643,65,2579,-1,153057,118607,2265,32185
01-02-2021,3031,8,2444,579,156088,121051,2273,32764
02-02-2021,2258,76,2505,-323,158346,123556,2349,32441
03-02-2021,2634,14,2272,348,160980,125828,2363,32789
04-02-2021,2116,18,2555,-457,163096,128383,2381,32332
05-02-2021,2385,31,2969,-615,165481,131352,2412,31717
06-02-2021,3982,7,2775,1200,169463,134127,2419,32917
07-02-2021,2276,4,2187,85,171739,136314,2423,33002
08-02-2021,1647,18,3140,-1511,173386,139454,2441,31491
09-02-2021,1092,24,2483,-1415,174478,141937,2465,30076
10-02-2021,947,21,1640,-714,175425,143577,2486,29362
11-02-2021,1261,7,1485,-231,176686,145062,2493,29131
12-02-2021,1034,9,1823,-798,177720,146885,2502,28333
13-02-2021,1928,6,2547,-625,179648,149432,2508,27708
14-02-2021,1052,9,1885,-842,180700,151317,2517,26866
15-02-2021,1016,16,1178,-178,181716,152495,2533,26688
16-02-2021,3756,14,2014,1728,185472,154509,2547,28416
17-02-2021,4507,3,2692,1812,189979,157201,2550,30228
18-02-2021,2875,9,3350,-484,192854,160551,2559,29744
19-02-2021,2167,29,2737,-599,195021,163288,2588,29145
20-02-2021,1278,7,1403,-132,196299,164691,2595,29013
21-02-2021,965,8,1518,-561,197264,166209,2603,28452
22-02-2021,2820,20,2973,-173,200084,169182,2623,28279
23-02-2021,4593,29,2070,2494,204677,171252,2652,30773
24-02-2021,2317,10,1599,708,206994,172851,2662,31481
25-02-2021,2419,4,1337,1078,209413,174188,2666,32559
26-02-2021,2337,11,1012,1314,211750,175200,2677,33873
27-02-2021,1128,12,938,178,212878,176138,2689,34051
28-02-2021,989,6,732,251,213867,176870,2695,34302
01-03-2021,1420,10,2068,-658,215287,178938,2705,33644
02-03-2021,1479,24,2322,-867,216766,181260,2729,32777
03-03-2021,1338,15,2505,-1182,218104,183765,2744,31595
04-03-2021,1641,19,1441,181,219745,185206,2763,31776
05-03-2021,1686,13,1432,241,221431,186638,2776,32017
06-03-2021,1227,4,1298,-75,222658,187936,2780,31942
07-03-2021,1484,4,645,835,224142,188581,2784,32777
08-03-2021,1604,67,2090,-553,225746,190671,2851,32224
09-03-2021,1763,53,1178,532,227509,191849,2904,32756
10-03-2021,1480,20,1407,53,228989,193256,2924,32809
11-03-2021,867,8,1490,-631,229856,194746,2932,32178
12-03-2021,1224,47,1774,-597,231080,196520,2979,31581
13-03-2021,1026,5,1046,-25,232106,197566,2984,31556
14-03-2021,1189,9,935,245,233295,198501,2993,31801
15-03-2021,1084,23,1694,-633,234379,200195,3016,31168
16-03-2021,1597,21,2289,-713,235976,202484,3037,30455
17-03-2021,1436,12,2052,-628,237412,204536,3049,29827
18-03-2021,1407,8,1402,-3,238819,205938,3057,29824
19-03-2021,1448,13,1173,262,240267,207111,3070,30086
20-03-2021,934,8,1832,-906,241201,208943,3078,29180
21-03-2021,574,1,1383,-810,241775,210326,3079,28370
22-03-2021,1382,25,1328,29,243157,211654,3104,28399
23-03-2021,962,11,1597,-646,244119,213251,3115,27753
24-03-2021,1068,3,2634,-1569,245187,215885,3118,26184
25-03-2021,1187,8,1328,-149,246374,217213,3126,26035
26-03-2021,991,7,1511,-527,247365,218724,3133,25508
27-03-2021,571,102,1294,-825,247936,220018,3235,24683
28-03-2021,575,5,738,-168,248511,220756,3240,24515
29-03-2021,1373,8,1235,130,249884,221991,3248,24645
30-03-2021,890,9,958,-77,250774,222949,3257,24568
31-03-2021,971,7,828,136,251745,223777,3264,24704
01-04-2021,1014,73,1090,-149,252759,224867,3337,24555
02-04-2021,634,4,483,147,253393,225350,3341,24702
03-04-2021,461,5,585,-129,253854,225935,3346,24573
04-04-2021,350,6,318,26,254204,226253,3352,24599
05-04-2021,923,4,823,96,255127,227076,3356,24695
06-04-2021,820,17,803,0,255947,227879,3373,24695
07-04-2021,927,3,777,147,256874,228656,3376,24842
08-04-2021,604,13,1290,-699,257478,229946,3389,24143
09-04-2021,959,22,600,337,258437,230546,3411,24480
10-04-2021,1109,8,517,584,259546,231063,3419,25064
11-04-2021,763,5,719,39,260309,231782,3424,25103
12-04-2021,1203,27,369,807,261512,232151,3451,25910
13-04-2021,1324,21,1031,272,262836,233182,3472,26182
14-04-2021,1546,18,845,683,264382,234027,3490,26865
15-04-2021,1353,37,1361,-45,265735,235388,3527,26820
16-04-2021,972,6,703,263,266707,236091,3533,27083
17-04-2021,894,11,750,133,267601,236841,3544,27216
18-04-2021,882,11,453,418,268483,237294,3555,27634
19-04-2021,1295,16,1012,267,269778,238306,3571,27901
20-04-2021,1415,16,561,838,271193,238867,3587,28739
21-04-2021,1012,16,1464,-468,272205,240331,3603,28271
22-04-2021,1332,14,755,563,273537,241086,3617,28834
23-04-2021,1046,26,1061,-41,274583,242147,3643,28793
24-04-2021,753,19,951,-217,275336,243098,3662,28576
25-04-2021,869,10,461,398,276205,243559,3672,28974
26-04-2021,1611,19,922,670,277816,244481,3691,29644
27-04-2021,1231,20,846,365,279047,245327,3711,30009
28-04-2021,1350,14,999,337,280397,246326,3725,30346
29-04-2021,1157,14,587,556,281554,246913,3739,30902
30-04-2021,1121,26,838,257,282675,247751,3765,31159
01-05-2021,782,6,590,186,283457,248341,3771,31345
02-05-2021,710,9,548,153,284167,248889,3780,31498
03-05-2021,1179,18,1038,123,285346,249927,3798,31621
04-05-2021,909,27,1259,-377,286255,251186,3825,31244
05-05-2021,979,26,1376,-423,287234,252562,3851,30821
06-05-2021,1056,7,1501,-452,288290,254063,3858,30369
07-05-2021,1929,25,1221,683,290219,255284,3883,31052
08-05-2021,2263,5,1963,295,292482,257247,3888,31347
09-05-2021,516,9,592,-85,292998,257839,3897,31262
10-05-2021,1020,14,2278,-1272,294018,260117,3911,29990
11-05-2021,1410,18,1018,374,295428,261135,3929,30364
12-05-2021,786,23,772,-9,296214,261907,3952,30355
13-05-2021,413,11,628,-226,296627,262535,3963,30129
14-05-2021,594,3,719,-128,297221,263254,3966,30001
15-05-2021,749,8,717,24,297970,263971,3974,30025
16-05-2021,847,4,439,404,298817,264410,3978,30429
17-05-2021,1290,26,1253,11,300107,265663,4004,30440
18-05-2021,1102,36,1423,-357,301209,267086,4040,30083
19-05-2021,1230,9,1408,-187,302439,268494,4049,29896
20-05-2021,1315,14,1254,47,303754,269748,4063,29943
21-05-2021,1083,17,1488,-422,304837,271236,4080,29521
22-05-2021,1067,16,698,353,305904,271934,4096,29874
23-05-2021,1048,7,716,325,306952,272650,4103,30199
24-05-2021,1293,15,1214,64,308245,273864,4118,30263
25-05-2021,1057,14,988,55,309302,274852,4132,30318
26-05-2021,772,12,667,93,310074,275519,4144,30411
27-05-2021,1268,19,1066,183,311342,276585,4163,30594
28-05-2021,1165,20,934,211,312507,277519,4183,30805
29-05-2021,964,10,959,-5,313471,278478,4193,30800
30-05-2021,749,11,528,210,314220,279006,4204,31010
31-05-2021,1185,26,1248,-89,315405,280254,4230,30921
01-06-2021,950,12,2097,-1159,316355,282351,4242,29762
02-06-2021,878,18,2830,-1970,317233,285181,4260,27792
03-06-2021,1220,26,7622,-6428,318453,292803,4286,21364
04-06-2021,1051,21,1734,-704,319504,294537,4307,20660
05-06-2021,1056,19,737,300,320560,295274,4326,20960
06-06-2021,946,17,397,532,321506,295671,4343,21492
07-06-2021,1688,25,971,692,323194,296642,4368,22184
08-06-2021,1119,21,1035,63,324313,297677,4389,22247
09-06-2021,1463,13,827,623,325776,298504,4402,22870
10-06-2021,1382,20,1263,99,327158,299767,4422,22969
11-06-2021,1305,16,1535,-246,328463,301302,4438,22723
12-06-2021,974,17,812,145,329437,302114,4455,22868
13-06-2021,1379,11,745,623,330816,302859,4466,23491
14-06-2021,1510,19,1812,-321,332326,304671,4485,23170
15-06-2021,1968,14,1258,696,334294,305929,4499,23866
16-06-2021,2648,23,1628,997,336942,307557,4522,24863
17-06-2021,2571,22,1156,1393,339513,308713,4544,26256
18-06-2021,3030,55,1395,1580,342543,310108,4599,27836
19-06-2021,1949,22,1141,786,344492,311249,4621,28622
20-06-2021,2309,66,1101,1142,346801,312350,4687,29764
21-06-2021,3091,35,1428,1628,349892,313778,4722,31392
22-06-2021,3293,75,1209,2009,353185,314987,4797,33401
23-06-2021,3063,45,1294,1724,356248,316281,4842,35125
24-06-2021,3190,83,1606,1501,359438,317887,4925,36626
25-06-2021,3985,95,1524,2366,363423,319411,5020,38992
26-06-2021,3930,88,1494,2348,367353,320905,5108,41340
27-06-2021,4501,109,1564,2828,371854,322469,5217,44168
28-06-2021,4431,91,1582,2758,376285,324051,5308,46926
29-06-2021,4246,119,1607,2520,380531,325658,5427,49446
30-06-2021,4609,97,2570,1942,385140,328228,5524,51388
01-07-2021,5250,78,1703,3469,390390,329931,5602,54857
02-07-2021,5496,59,2215,3222,395886,332146,5661,58079
03-07-2021,5705,55,2756,2894,401591,334902,5716,60973
04-07-2021,5040,85,2541,2414,406631,337443,5801,63387
05-07-2021,6677,54,2097,4526,413308,339540,5855,67913
06-07-2021,7100,50,4396,2654,420408,343936,5905,70567
07-07-2021,8566,78,4304,4184,428974,348240,5983,74751
08-07-2021,7044,132,3755,3157,436018,351995,6115,77908
09-07-2021,7631,164,5428,2039,443649,357423,6279,79947
10-07-2021,5096,170,4488,438,448745,361911,6449,80385
11-07-2021,7147,279,4059,2809,455892,365970,6728,83194
12-07-2021,7829,178,4925,2726,463721,370895,6906,85920
13-07-2021,7286,137,4528,2621,471007,375423,7043,88541
14-07-2021,9697,137,4771,4789,480704,380194,7180,93330
15-07-2021,10648,101,5438,5109,491352,385632,7281,98439
16-07-2021,10677,125,7919,2633,502029,393551,7406,101072
17-07-2021,9234,84,5439,3711,511263,398990,7490,104783
18-07-2021,7758,94,4394,3270,519021,403384,7584,108053
19-07-2021,7662,79,5711,1872,526683,409095,7663,109925
20-07-2021,7281,68,3355,3858,533964,412450,7731,113783
21-07-2021,5719,83,5781,-145,539683,418231,7814,113638
22-07-2021,10678,142,7298,3238,550361,425529,7956,116876
23-07-2021,8242,149,7025,1068,558603,432554,8105,117944
24-07-2021,6993,117,6795,81,565596,439349,8222,118025
25-07-2021,4743,123,5214,-594,570339,444563,8345,117431
26-07-2021,4051,226,5073,-1248,574390,449636,8571,116183
27-07-2021,7502,308,9517,-2323,581892,459153,8879,113860
28-07-2021,6947,201,7783,-1037,588839,466936,9080,112823
29-07-2021,6840,204,7443,-807,595679,474379,9284,112016
30-07-2021,6396,84,6791,-479,602075,481170,9368,111537
31-07-2021,3817,177,6536,-2896,605892,487706,9545,108641
01-08-2021,2504,188,3362,-1046,608396,491068,9733,107595
02-08-2021,2091,127,5901,-3937,610487,496969,9860,103658
03-08-2021,3743,135,4885,-1277,614230,501854,9995,102381
04-08-2021,3749,129,4459,-839,617979,506313,10124,101542
05-08-2021,5635,152,8058,-2575,623614,514371,10276,98967
06-08-2021,5104,96,7178,-2170,628718,521549,10372,96797
07-08-2021,3924,71,4309,-456,632642,525858,10443,96341
08-08-2021,2815,57,18555,-15797,635457,544413,10500,80544
09-08-2021,2802,109,8057,-5364,638259,552470,10609,75180
10-08-2021,3811,467,6344,-3000,642070,558814,11076,72180
11-08-2021,3598,114,7721,-4237,645668,566535,11190,67943
12-08-2021,2326,78,4124,-1876,647994,570659,11268,66067
13-08-2021,3169,52,7683,-4566,651163,578342,11320,61501
14-08-2021,2443,39,2216,188,653606,580558,11359,61689
15-08-2021,1312,46,2046,-780,654918,582604,11405,60909
16-08-2021,1859,53,3428,-1622,656777,586032,11458,59287
17-08-2021,1811,76,3447,-1712,658588,589479,11534,57575
18-08-2021,1373,39,3613,-2279,659961,593092,11573,55296
19-08-2021,3531,227,5942,-2638,663492,599034,11800,52658
20-08-2021,2669,262,2535,-128,666161,601569,12062,52530
21-08-2021,1748,343,1880,-475,667909,603449,12405,52055
22-08-2021,1192,61,1827,-696,669101,605276,12466,51359
23-08-2021,1483,37,1602,-156,670584,606878,12503,51203
24-08-2021,5254,314,14232,-9292,675838,621110,12817,41911
25-08-2021,5463,270,13480,-8287,681301,634590,13087,33624
26-08-2021,5059,235,10496,-5672,686360,645086,13322,27952
27-08-2021,1349,25,2560,-1236,687709,647646,13347,26716
28-08-2021,956,29,1653,-726,688665,649299,13376,25990
29-08-2021,624,13,1554,-943,689289,650853,13389,25047
30-08-2021,507,50,2661,-2204,689796,653514,13439,22843
31-08-2021,1127,38,2288,-1199,690923,655802,13477,21644
01-09-2021,1255,53,1819,-617,692178,657621,13530,21027
02-09-2021,791,43,4881,-4133,692969,662502,13573,16894
03-09-2021,844,96,2376,-1628,693813,664878,13669,15266
04-09-2021,542,125,2522,-2105,694355,667400,13794,13161
05-09-2021,357,10,844,-497,694712,668244,13804,12664
06-09-2021,405,180,1703,-1478,695117,669947,13984,11186
07-09-2021,778,252,2847,-2321,695895,672794,14236,8865
08-09-2021,690,187,989,-486,696585,673783,14423,8379
09-09-2021,517,13,715,-211,697102,674498,14436,8168
10-09-2021,539,8,932,-401,697641,675430,14444,7767
11-09-2021,446,7,296,143,698087,675726,14451,7910
12-09-2021,567,4,980,-417,698654,676706,14455,7493
13-09-2021,210,7,708,-505,698864,677414,14462,6988
14-09-2021,318,17,645,-344,699182,678059,14479,6644
15-09-2021,384,22,991,-629,699566,679050,14501,6015
16-09-2021,345,9,761,-425,699911,679811,14510,5590
17-09-2021,327,8,382,-63,700238,680193,14518,5527
18-09-2021,238,6,431,-199,700476,680624,14524,5328
19-09-2021,169,6,623,-460,700645,681247,14530,4868
20-09-2021,117,10,453,-346,700762,681700,14540,4522
21-09-2021,283,9,567,-293,701045,682267,14549,4229
22-09-2021,212,13,431,-232,701257,682698,14562,3997
23-09-2021,242,13,377,-148,701499,683075,14575,3849
24-09-2021,215,13,328,-126,701714,683403,14588,3723
25-09-2021,189,2,215,-28,701903,683618,14590,3695
26-09-2021,156,6,296,-146,702059,683914,14596,3549
27-09-2021,152,6,429,-283,702211,684343,14602,3266
28-09-2021,204,6,238,-40,702415,684581,14608,3226
29-09-2021,189,5,339,-155,702604,684920,14613,3071
30-09-2021,166,11,288,-133,702770,685208,14624,2938
01-10-2021,115,1,168,-54,702885,685376,14625,2884
02-10-2021,154,2,176,-24,703039,685552,14627,2860
03-10-2021,98,3,229,-134,703137,685781,14630,2726
04-10-2021,74,7,477,-410,703211,686258,14637,2316
05-10-2021,108,3,273,-168,703319,686531,14640,2148
06-10-2021,103,4,161,-62,703422,686692,14644,2086
07-10-2021,106,7,118,-19,703528,686810,14651,2067
08-10-2021,106,1,133,-28,703634,686943,14652,2039
09-10-2021,117,1,123,-7,703751,687066,14653,2032
10-10-2021,63,2,93,-32,703814,687159,14655,2000
11-10-2021,69,4,119,-54,703883,687278,14659,1946
