tanggal,KASUS,MENINGGAL,SEMBUH,DIRAWAT_OR_ISOLASI,AKUMULASI_KASUS,AKUMULASI_SEMBUH,AKUMULASI_MENINGGAL,AKUMULASI_DIRAWAT_OR_ISOLASI
18-03-2020,7,1,0,6,7,0,1,6
19-03-2020,3,0,0,3,10,0,1,9
20-03-2020,9,0,0,9,19,0,1,18
21-03-2020,9,1,0,8,28,0,2,26
22-03-2020,14,0,0,14,42,0,2,40
23-03-2020,2,1,0,1,44,0,3,41
24-03-2020,3,1,0,2,47,0,4,43
25-03-2020,7,0,1,6,54,1,4,49
26-03-2020,10,1,0,9,64,1,5,58
27-03-2020,2,1,0,1,66,1,6,59
28-03-2020,7,2,2,3,73,3,8,62
29-03-2020,10,0,27,-17,83,30,8,45
30-03-2020,7,1,0,6,90,30,9,51
31-03-2020,1,0,0,1,91,30,9,52
01-04-2020,7,4,74,-71,98,104,13,-19
02-04-2020,0,12,91,-103,98,195,25,-122
03-04-2020,39,0,5,34,137,200,25,-88
04-04-2020,5,2,3,0,142,203,27,-88
05-04-2020,25,2,7,16,167,210,29,-72
06-04-2020,9,5,11,-7,176,221,34,-79
07-04-2020,5,4,1,0,181,222,38,-79
08-04-2020,15,23,14,-22,196,236,61,-101
09-04-2020,36,12,42,-18,232,278,73,-119
10-04-2020,30,4,34,-8,262,312,77,-127
11-04-2020,15,8,26,-19,277,338,85,-146
12-04-2020,111,1,7,103,388,345,86,-43
13-04-2020,42,3,4,35,430,349,89,-8
14-04-2020,25,2,10,13,455,359,91,5
15-04-2020,25,4,2,19,480,361,95,24
16-04-2020,13,4,3,6,493,364,99,30
17-04-2020,10,6,2,2,503,366,105,32
18-04-2020,34,2,7,25,537,373,107,57
19-04-2020,35,5,2,28,572,375,112,85
20-04-2020,5,3,1,1,577,376,115,86
21-04-2020,10,5,1,4,587,377,120,90
22-04-2020,29,5,28,-4,616,405,125,86
23-04-2020,27,4,11,12,643,416,129,98
24-04-2020,20,11,11,-2,663,427,140,96
25-04-2020,75,7,19,49,738,446,147,145
26-04-2020,12,7,4,1,750,450,154,146
27-04-2020,12,2,8,2,762,458,156,148
28-04-2020,47,1,21,25,809,479,157,173
29-04-2020,20,3,10,7,829,489,160,180
30-04-2020,75,5,8,62,904,497,165,242
01-05-2020,83,5,32,46,987,529,170,288
02-05-2020,6,10,45,-49,993,574,180,239
03-05-2020,63,5,9,49,1056,583,185,288
04-05-2020,13,8,7,-2,1069,590,193,286
05-05-2020,41,7,19,15,1110,609,200,301
06-05-2020,38,13,10,15,1148,619,213,316
07-05-2020,34,14,9,11,1182,628,227,327
08-05-2020,30,18,43,-31,1212,671,245,296
09-05-2020,158,12,62,84,1370,733,257,380
10-05-2020,78,7,46,25,1448,779,264,405
11-05-2020,54,13,69,-28,1502,848,277,377
12-05-2020,111,11,25,75,1613,873,288,452
13-05-2020,141,6,43,92,1754,916,294,544
14-05-2020,85,14,16,55,1839,932,308,599
15-05-2020,57,13,12,32,1896,944,321,631
16-05-2020,168,11,23,134,2064,967,332,765
17-05-2020,57,11,30,16,2121,997,343,781
18-05-2020,124,13,14,97,2245,1011,356,878
19-05-2020,84,13,46,25,2329,1057,369,903
20-05-2020,124,19,42,63,2453,1099,388,966
21-05-2020,431,14,13,404,2884,1112,402,1370
22-05-2020,155,9,51,95,3039,1163,411,1465
23-05-2020,465,21,88,356,3504,1251,432,1821
24-05-2020,72,11,55,6,3576,1306,443,1827
25-05-2020,200,15,34,151,3776,1340,458,1978
26-05-2020,86,14,66,6,3862,1406,472,1984
27-05-2020,166,14,42,110,4028,1448,486,2094
28-05-2020,168,13,55,100,4196,1503,499,2194
29-05-2020,132,7,52,73,4328,1555,506,2267
30-05-2020,180,12,53,115,4508,1608,518,2382
31-05-2020,232,15,197,20,4740,1805,533,2402
01-06-2020,95,15,95,-15,4835,1900,548,2387
02-06-2020,171,19,295,-143,5006,2195,567,2244
03-06-2020,155,14,301,-160,5161,2496,581,2084
04-06-2020,108,15,179,-86,5269,2675,596,1998
05-06-2020,144,20,168,-44,5413,2843,616,1954
06-06-2020,73,16,116,-59,5486,2959,632,1895
07-06-2020,222,17,142,63,5708,3101,649,1958
08-06-2020,244,20,158,66,5952,3259,669,2024
09-06-2020,189,25,125,39,6141,3384,694,2063
10-06-2020,275,29,199,47,6416,3583,723,2110
11-06-2020,251,32,87,132,6667,3670,755,2242
12-06-2020,245,26,184,35,6912,3854,781,2277
13-06-2020,219,23,88,108,7131,3942,804,2385
14-06-2020,194,20,61,113,7325,4003,824,2498
15-06-2020,312,29,95,188,7637,4098,853,2686
16-06-2020,205,20,52,133,7842,4150,873,2819
17-06-2020,166,24,206,-64,8008,4356,897,2755
18-06-2020,242,20,219,3,8250,4575,917,2758
19-06-2020,196,16,113,67,8446,4688,933,2825
20-06-2020,236,14,249,-27,8682,4937,947,2798
21-06-2020,131,14,125,-8,8813,5062,961,2790
22-06-2020,264,9,113,142,9077,5175,970,2932
23-06-2020,241,16,126,99,9318,5301,986,3031
24-06-2020,149,17,154,-22,9467,5455,1003,3009
25-06-2020,244,18,132,94,9711,5587,1021,3103
26-06-2020,286,27,170,89,9997,5757,1048,3192
27-06-2020,284,20,87,177,10281,5844,1068,3369
28-06-2020,181,18,156,7,10462,6000,1086,3376
29-06-2020,176,19,100,57,10638,6100,1105,3433
30-06-2020,318,21,173,124,10956,6273,1126,3557
01-07-2020,231,22,114,95,11187,6387,1148,3652
02-07-2020,277,25,192,60,11464,6579,1173,3712
03-07-2020,368,20,157,191,11832,6736,1193,3903
04-07-2020,384,30,135,219,12216,6871,1223,4122
05-07-2020,411,14,227,170,12627,7098,1237,4292
06-07-2020,280,17,177,86,12907,7275,1254,4378
07-07-2020,321,19,148,154,13228,7423,1273,4532
08-07-2020,314,15,129,170,13542,7552,1288,4702
09-07-2020,411,26,152,233,13953,7704,1314,4935
10-07-2020,295,16,262,17,14248,7966,1330,4952
11-07-2020,392,19,267,106,14640,8233,1349,5058
12-07-2020,388,20,221,147,15028,8454,1369,5205
13-07-2020,189,21,152,16,15217,8606,1390,5221
14-07-2020,278,23,261,-6,15495,8867,1413,5215
15-07-2020,261,37,304,-80,15756,9171,1450,5135
16-07-2020,155,16,240,-101,15911,9411,1466,5034
17-07-2020,210,21,286,-97,16121,9697,1487,4937
18-07-2020,220,26,191,3,16341,9888,1513,4940
19-07-2020,302,42,277,-17,16643,10165,1555,4923
20-07-2020,227,23,244,-40,16870,10409,1578,4883
21-07-2020,305,25,366,-86,17175,10775,1603,4797
22-07-2020,349,30,301,18,17524,11076,1633,4815
23-07-2020,264,35,321,-92,17788,11397,1668,4723
24-07-2020,453,27,325,101,18241,11722,1695,4824
25-07-2020,221,22,332,-133,18462,12054,1717,4691
26-07-2020,302,33,245,24,18764,12299,1750,4715
27-07-2020,241,18,282,-59,19005,12581,1768,4656
28-07-2020,273,30,285,-42,19278,12866,1798,4614
29-07-2020,286,18,350,-82,19564,13216,1816,4532
30-07-2020,315,18,251,46,19879,13467,1834,4578
31-07-2020,234,20,243,-29,20113,13710,1854,4549
01-08-2020,477,19,226,232,20590,13936,1873,4781
02-08-2020,265,22,198,45,20855,14134,1895,4826
03-08-2020,308,15,227,66,21163,14361,1910,4892
04-08-2020,391,18,219,154,21554,14580,1928,5046
05-08-2020,414,11,333,70,21968,14913,1939,5116
06-08-2020,265,16,442,-193,22233,15355,1955,4923
07-08-2020,365,21,521,-177,22598,15876,1976,4746
08-08-2020,402,23,321,58,23000,16197,1999,4804
09-08-2020,367,29,307,31,23367,16504,2028,4835
10-08-2020,298,18,346,-66,23665,16850,2046,4769
11-08-2020,288,21,262,5,23953,17112,2067,4774
12-08-2020,298,33,414,-149,24251,17526,2100,4625
13-08-2020,327,34,559,-266,24578,18085,2134,4359
14-08-2020,402,39,340,23,24980,18425,2173,4382
15-08-2020,416,27,347,42,25396,18772,2200,4424
16-08-2020,471,22,354,95,25867,19126,2222,4519
17-08-2020,313,27,367,-81,26180,19493,2249,4438
18-08-2020,318,23,353,-58,26498,19846,2272,4380
19-08-2020,338,26,463,-151,26836,20309,2298,4229
20-08-2020,366,25,348,-7,27202,20657,2323,4222
21-08-2020,451,39,350,62,27653,21007,2362,4284
22-08-2020,343,30,374,-61,27996,21381,2392,4223
23-08-2020,282,26,362,-106,28278,21743,2418,4117
24-08-2020,340,22,480,-162,28618,22223,2440,3955
25-08-2020,364,20,457,-113,28982,22680,2460,3842
26-08-2020,322,31,391,-100,29304,23071,2491,3742
27-08-2020,362,29,342,-9,29666,23413,2520,3733
28-08-2020,424,30,325,69,30090,23738,2550,3802
29-08-2020,616,24,256,336,30706,23994,2574,4138
30-08-2020,458,34,376,48,31164,24370,2608,4186
31-08-2020,315,36,457,-178,31479,24827,2644,4008
01-09-2020,332,19,396,-83,31811,25223,2663,3925
02-09-2020,347,17,354,-24,32158,25577,2680,3901
03-09-2020,350,31,330,-11,32508,25907,2711,3890
04-09-2020,274,43,339,-108,32782,26246,2754,3782
05-09-2020,322,26,334,-38,33104,26580,2780,3744
06-09-2020,306,32,382,-108,33410,26962,2812,3636
07-09-2020,290,25,373,-108,33700,27335,2837,3528
08-09-2020,425,25,343,57,34125,27678,2862,3585
09-09-2020,302,38,374,-110,34427,28052,2900,3475
10-09-2020,349,27,308,14,34776,28360,2927,3489
11-09-2020,370,32,350,-12,35146,28710,2959,3477
12-09-2020,364,22,437,-95,35510,29147,2981,3382
13-09-2020,236,29,706,-499,35746,29853,3010,2883
14-09-2020,358,28,326,4,36104,30179,3038,2887
15-09-2020,313,21,327,-35,36417,30506,3059,2852
16-09-2020,357,24,335,-2,36774,30841,3083,2850
17-09-2020,323,28,330,-35,37097,31171,3111,2815
18-09-2020,485,21,517,-53,37582,31688,3132,2762
19-09-2020,351,31,338,-18,37933,32026,3163,2744
20-09-2020,350,21,316,13,38283,32342,3184,2757
21-09-2020,336,16,274,46,38619,32616,3200,2803
22-09-2020,336,21,370,-55,38955,32986,3221,2748
23-09-2020,342,23,322,-3,39297,33308,3244,2745
24-09-2020,359,25,355,-21,39656,33663,3269,2724
25-09-2020,284,22,352,-90,39940,34015,3291,2634
26-09-2020,269,17,337,-85,40209,34352,3308,2549
27-09-2020,197,19,457,-279,40406,34809,3327,2270
28-09-2020,280,22,445,-187,40686,35254,3349,2083
29-09-2020,275,22,314,-61,40961,35568,3371,2022
30-09-2020,531,51,560,-80,41492,36128,3422,1942
01-10-2020,601,22,367,212,42093,36495,3444,2154
02-10-2020,269,22,361,-114,42362,36856,3466,2040
03-10-2020,319,15,339,-35,42681,37195,3481,2005
04-10-2020,238,17,326,-105,42919,37521,3498,1900
05-10-2020,245,7,283,-45,43164,37804,3505,1855
06-10-2020,275,9,242,24,43439,38046,3514,1879
07-10-2020,256,20,289,-53,43695,38335,3534,1826
08-10-2020,274,19,321,-66,43969,38656,3553,1760
09-10-2020,268,25,366,-123,44237,39022,3578,1637
10-10-2020,253,18,358,-123,44490,39380,3596,1514
11-10-2020,260,12,310,-62,44750,39690,3608,1452
12-10-2020,260,18,304,-62,45010,39994,3626,1390
13-10-2020,288,21,357,-90,45298,40351,3647,1300
14-10-2020,181,17,317,-153,45479,40668,3664,1147
15-10-2020,186,20,344,-178,45665,41012,3684,969
16-10-2020,160,17,360,-217,45825,41372,3701,752
17-10-2020,232,18,321,-107,46057,41693,3719,645
18-10-2020,216,20,271,-75,46273,41964,3739,570
19-10-2020,232,19,320,-107,46505,42284,3758,463
20-10-2020,193,10,299,-116,46698,42583,3768,347
21-10-2020,202,15,297,-110,46900,42880,3783,237
22-10-2020,253,22,299,-68,47153,43179,3805,169
23-10-2020,263,21,297,-55,47416,43476,3826,114
24-10-2020,243,17,279,-53,47659,43755,3843,61
25-10-2020,207,17,213,-23,47866,43968,3860,38
26-10-2020,268,12,231,25,48134,44199,3872,63
27-10-2020,221,10,239,-28,48355,44438,3882,35
28-10-2020,232,13,244,-25,48587,44682,3895,10
29-10-2020,242,13,263,-34,48829,44945,3908,-24
30-10-2020,218,43,492,-317,49047,45437,3951,-341
31-10-2020,225,21,233,-29,49272,45670,3972,-370
01-11-2020,627,22,327,278,49899,45997,3994,-92
02-11-2020,284,12,265,7,50183,46262,4006,-85
03-11-2020,261,24,248,-11,50444,46510,4030,-96
04-11-2020,231,15,264,-48,50675,46774,4045,-144
05-11-2020,270,9,245,16,50945,47019,4054,-128
06-11-2020,240,12,276,-48,51185,47295,4066,-176
07-11-2020,269,24,267,-22,51454,47562,4090,-198
08-11-2020,279,21,254,4,51733,47816,4111,-194
09-11-2020,243,25,265,-47,51976,48081,4136,-241
10-11-2020,303,23,304,-24,52279,48385,4159,-265
11-11-2020,185,21,266,-102,52464,48651,4180,-367
12-11-2020,233,24,229,-20,52697,48880,4204,-387
13-11-2020,224,19,288,-83,52921,49168,4223,-470
14-11-2020,240,19,301,-80,53161,49469,4242,-550
15-11-2020,189,10,272,-93,53350,49741,4252,-643
16-11-2020,230,30,251,-51,53580,49992,4282,-694
17-11-2020,317,27,242,48,53897,50234,4309,-646
18-11-2020,344,18,280,46,54241,50514,4327,-600
19-11-2020,408,32,243,133,54649,50757,4359,-467
20-11-2020,315,24,300,-9,54964,51057,4383,-476
21-11-2020,354,22,261,71,55318,51318,4405,-405
22-11-2020,274,23,271,-20,55592,51589,4428,-425
23-11-2020,341,29,260,52,55933,51849,4457,-373
24-11-2020,331,27,254,50,56264,52103,4484,-323
25-11-2020,378,34,276,68,56642,52379,4518,-255
26-11-2020,361,32,278,51,57003,52657,4550,-204
27-11-2020,375,42,319,14,57378,52976,4592,-190
28-11-2020,442,31,381,30,57820,53357,4623,-160
29-11-2020,393,31,262,100,58213,53619,4654,-60
30-11-2020,389,92,667,-370,58602,54286,4746,-430
01-12-2020,419,27,395,-3,59021,54681,4773,-433
02-12-2020,462,22,311,129,59483,54992,4795,-304
03-12-2020,532,35,366,131,60015,55358,4830,-173
04-12-2020,586,17,357,212,60601,55715,4847,39
05-12-2020,541,23,391,127,61142,56106,4870,166
06-12-2020,536,30,350,156,61678,56456,4900,322
07-12-2020,572,27,396,149,62250,56852,4927,471
08-12-2020,375,39,503,-167,62625,57355,4966,304
09-12-2020,620,41,499,80,63245,57854,5007,384
10-12-2020,479,28,570,-119,63724,58424,5035,265
11-12-2020,699,28,408,263,64423,58832,5063,528
12-12-2020,610,45,414,151,65033,59246,5108,679
13-12-2020,634,27,493,114,65667,59739,5135,793
14-12-2020,604,18,464,122,66271,60203,5153,915
15-12-2020,557,44,670,-157,66828,60873,5197,758
16-12-2020,679,37,415,227,67507,61288,5234,985
17-12-2020,739,33,555,151,68246,61843,5267,1136
18-12-2020,666,42,528,96,68912,62371,5309,1232
19-12-2020,643,47,443,153,69555,62814,5356,1385
20-12-2020,643,41,636,-34,70198,63450,5397,1351
21-12-2020,744,33,529,182,70942,63979,5430,1533
22-12-2020,705,45,554,106,71647,64533,5475,1639
23-12-2020,771,41,578,152,72418,65111,5516,1791
24-12-2020,628,50,609,-31,73046,65720,5566,1760
25-12-2020,734,53,461,220,73780,66181,5619,1980
26-12-2020,779,47,585,147,74559,66766,5666,2127
27-12-2020,675,37,510,128,75234,67276,5703,2255
28-12-2020,813,61,558,194,76047,67834,5764,2449
29-12-2020,671,52,624,-5,76718,68458,5816,2444
30-12-2020,958,58,690,210,77676,69148,5874,2654
31-12-2020,1644,162,1219,263,79320,70367,6036,2917
01-01-2021,862,64,605,193,80182,70972,6100,3110
02-01-2021,763,67,640,56,80945,71612,6167,3166
03-01-2021,570,48,520,2,81515,72132,6215,3168
04-01-2021,673,49,484,140,82188,72616,6264,3308
05-01-2021,675,61,477,137,82863,73093,6325,3445
06-01-2021,800,51,881,-132,83663,73974,6376,3313
07-01-2021,879,80,539,260,84542,74513,6456,3573
08-01-2021,977,70,614,293,85519,75127,6526,3866
09-01-2021,1015,51,581,383,86534,75708,6577,4249
10-01-2021,947,55,805,87,87481,76513,6632,4336
11-01-2021,844,46,484,314,88325,76997,6678,4650
12-01-2021,832,68,706,58,89157,77703,6746,4708
13-01-2021,885,75,883,-73,90042,78586,6821,4635
14-01-2021,1007,66,760,181,91049,79346,6887,4816
15-01-2021,1256,69,783,404,92305,80129,6956,5220
16-01-2021,1219,48,706,465,93524,80835,7004,5685
17-01-2021,906,50,765,91,94430,81600,7054,5776
18-01-2021,863,38,703,122,95293,82303,7092,5898
19-01-2021,946,53,674,219,96239,82977,7145,6117
20-01-2021,940,59,698,183,97179,83675,7204,6300
21-01-2021,1122,52,914,156,98301,84589,7256,6456
22-01-2021,1046,52,813,181,99347,85402,7308,6637
23-01-2021,935,34,886,15,100282,86288,7342,6652
24-01-2021,895,44,765,86,101177,87053,7386,6738
25-01-2021,890,35,726,129,102067,87779,7421,6867
26-01-2021,933,57,744,132,103000,88523,7478,6999
27-01-2021,1089,44,770,275,104089,89293,7522,7274
28-01-2021,1035,45,753,237,105124,90046,7567,7511
29-01-2021,997,33,932,32,106121,90978,7600,7543
30-01-2021,854,38,802,14,106975,91780,7638,7557
31-01-2021,851,33,709,109,107826,92489,7671,7666
01-02-2021,669,36,924,-291,108495,93413,7707,7375
02-02-2021,809,50,919,-160,109304,94332,7757,7215
03-02-2021,719,64,662,-7,110023,94994,7821,7208
04-02-2021,595,57,874,-336,110618,95868,7878,6872
05-02-2021,752,61,834,-143,111370,96702,7939,6729
06-02-2021,693,62,678,-47,112063,97380,8001,6682
07-02-2021,569,32,696,-159,112632,98076,8033,6523
08-02-2021,666,26,752,-112,113298,98828,8059,6411
09-02-2021,447,24,348,75,113745,99176,8083,6486
10-02-2021,605,21,385,199,114350,99561,8104,6685
11-02-2021,1052,48,455,549,115402,100016,8152,7234
12-02-2021,778,94,577,107,116180,100593,8246,7341
13-02-2021,559,32,490,37,116739,101083,8278,7378
14-02-2021,516,37,395,84,117255,101478,8315,7462
15-02-2021,432,36,472,-76,117687,101950,8351,7386
16-02-2021,474,17,287,170,118161,102237,8368,7556
17-02-2021,579,15,264,300,118740,102501,8383,7856
18-02-2021,559,22,385,152,119299,102886,8405,8008
19-02-2021,571,24,635,-88,119870,103521,8429,7920
20-02-2021,625,32,570,23,120495,104091,8461,7943
21-02-2021,446,26,534,-114,120941,104625,8487,7829
22-02-2021,434,43,646,-255,121375,105271,8530,7574
23-02-2021,548,36,492,20,121923,105763,8566,7594
24-02-2021,580,30,697,-147,122503,106460,8596,7447
25-02-2021,556,35,562,-41,123059,107022,8631,7406
26-02-2021,543,21,599,-77,123602,107621,8652,7329
27-02-2021,445,20,444,-19,124047,108065,8672,7310
28-02-2021,324,26,555,-257,124371,108620,8698,7053
01-03-2021,341,22,419,-100,124712,109039,8720,6953
02-03-2021,412,21,649,-258,125124,109688,8741,6695
03-03-2021,430,25,480,-75,125554,110168,8766,6620
04-03-2021,404,21,440,-57,125958,110608,8787,6563
05-03-2021,406,16,447,-57,126364,111055,8803,6506
06-03-2021,393,25,466,-98,126757,111521,8828,6408
07-03-2021,328,17,380,-69,127085,111901,8845,6339
08-03-2021,328,23,410,-105,127413,112311,8868,6234
09-03-2021,391,22,434,-65,127804,112745,8890,6169
10-03-2021,399,19,480,-100,128203,113225,8909,6069
11-03-2021,341,16,384,-59,128544,113609,8925,6010
12-03-2021,339,15,419,-95,128883,114028,8940,5915
13-03-2021,346,18,363,-35,129229,114391,8958,5880
14-03-2021,278,14,214,50,129507,114605,8972,5930
15-03-2021,257,20,293,-56,129764,114898,8992,5874
16-03-2021,291,24,248,19,130055,115146,9016,5893
17-03-2021,321,87,1007,-773,130376,116153,9103,5120
18-03-2021,339,38,820,-519,130715,116973,9141,4601
19-03-2021,305,47,356,-98,131020,117329,9188,4503
20-03-2021,289,74,333,-118,131309,117662,9262,4385
21-03-2021,292,22,552,-282,131601,118214,9284,4103
22-03-2021,270,28,322,-80,131871,118536,9312,4023
23-03-2021,238,28,375,-165,132109,118911,9340,3858
24-03-2021,289,23,564,-298,132398,119475,9363,3560
25-03-2021,348,21,345,-18,132746,119820,9384,3542
26-03-2021,340,26,403,-89,133086,120223,9410,3453
27-03-2021,275,17,452,-194,133361,120675,9427,3259
28-03-2021,266,19,339,-92,133627,121014,9446,3167
29-03-2021,251,34,807,-590,133878,121821,9480,2577
30-03-2021,279,31,494,-246,134157,122315,9511,2331
31-03-2021,301,37,272,-8,134458,122587,9548,2323
01-04-2021,281,24,233,24,134739,122820,9572,2347
02-04-2021,274,25,228,21,135013,123048,9597,2368
03-04-2021,230,21,222,-13,135243,123270,9618,2355
04-04-2021,221,21,196,4,135464,123466,9639,2359
05-04-2021,230,30,233,-33,135694,123699,9669,2326
06-04-2021,295,25,216,54,135989,123915,9694,2380
07-04-2021,346,45,369,-68,136335,124284,9739,2312
08-04-2021,297,26,219,52,136632,124503,9765,2364
09-04-2021,308,19,249,40,136940,124752,9784,2404
10-04-2021,277,28,225,24,137217,124977,9812,2428
11-04-2021,249,23,340,-114,137466,125317,9835,2314
12-04-2021,251,35,251,-35,137717,125568,9870,2279
13-04-2021,249,32,225,-8,137966,125793,9902,2271
14-04-2021,262,25,277,-40,138228,126070,9927,2231
15-04-2021,294,27,228,39,138522,126298,9954,2270
16-04-2021,290,23,311,-44,138812,126609,9977,2226
17-04-2021,285,27,250,8,139097,126859,10004,2234
18-04-2021,241,20,224,-3,139338,127083,10024,2231
19-04-2021,253,30,235,-12,139591,127318,10054,2219
20-04-2021,258,37,212,9,139849,127530,10091,2228
21-04-2021,303,28,230,45,140152,127760,10119,2273
22-04-2021,291,25,235,31,140443,127995,10144,2304
23-04-2021,300,28,263,9,140743,128258,10172,2313
24-04-2021,257,18,299,-60,141000,128557,10190,2253
25-04-2021,236,20,216,0,141236,128773,10210,2253
26-04-2021,247,24,263,-40,141483,129036,10234,2213
27-04-2021,237,27,245,-35,141720,129281,10261,2178
28-04-2021,297,24,260,13,142017,129541,10285,2191
29-04-2021,325,26,253,46,142342,129794,10311,2237
30-04-2021,316,22,265,29,142658,130059,10333,2266
01-05-2021,231,21,202,8,142889,130261,10354,2274
02-05-2021,206,29,208,-31,143095,130469,10383,2243
03-05-2021,215,20,252,-57,143310,130721,10403,2186
04-05-2021,290,33,250,7,143600,130971,10436,2193
05-05-2021,271,28,226,17,143871,131197,10464,2210
06-05-2021,255,28,249,-22,144126,131446,10492,2188
07-05-2021,232,22,283,-73,144358,131729,10514,2115
08-05-2021,225,20,207,-2,144583,131936,10534,2113
09-05-2021,230,19,196,15,144813,132132,10553,2128
10-05-2021,206,21,213,-28,145019,132345,10574,2100
11-05-2021,258,34,215,9,145277,132560,10608,2109
12-05-2021,248,22,224,2,145525,132784,10630,2111
13-05-2021,148,12,151,-15,145673,132935,10642,2096
14-05-2021,141,15,174,-48,145814,133109,10657,2048
15-05-2021,183,29,322,-168,145997,133431,10686,1880
16-05-2021,164,17,164,-17,146161,133595,10703,1863
17-05-2021,202,25,272,-95,146363,133867,10728,1768
18-05-2021,227,22,230,-25,146590,134097,10750,1743
19-05-2021,254,32,195,27,146844,134292,10782,1770
20-05-2021,259,22,243,-6,147103,134535,10804,1764
21-05-2021,244,16,177,51,147347,134712,10820,1815
22-05-2021,233,16,196,21,147580,134908,10836,1836
23-05-2021,228,17,204,7,147808,135112,10853,1843
24-05-2021,227,20,205,2,148035,135317,10873,1845
25-05-2021,217,24,183,10,148252,135500,10897,1855
26-05-2021,257,21,126,110,148509,135626,10918,1965
27-05-2021,218,25,182,11,148727,135808,10943,1976
28-05-2021,246,21,206,19,148973,136014,10964,1995
29-05-2021,255,20,294,-59,149228,136308,10984,1936
30-05-2021,217,18,159,40,149445,136467,11002,1976
31-05-2021,249,31,226,-8,149694,136693,11033,1968
01-06-2021,225,24,208,-7,149919,136901,11057,1961
02-06-2021,239,29,206,4,150158,137107,11086,1965
03-06-2021,260,25,208,27,150418,137315,11111,1992
04-06-2021,301,25,255,21,150719,137570,11136,2013
05-06-2021,244,27,180,37,150963,137750,11163,2050
06-06-2021,276,22,191,63,151239,137941,11185,2113
07-06-2021,301,27,197,77,151540,138138,11212,2190
08-06-2021,389,35,249,105,151929,138387,11247,2295
09-06-2021,401,34,217,150,152330,138604,11281,2445
10-06-2021,422,33,228,161,152752,138832,11314,2606
11-06-2021,441,39,256,146,153193,139088,11353,2752
12-06-2021,358,30,198,130,153551,139286,11383,2882
13-06-2021,419,32,296,91,153970,139582,11415,2973
14-06-2021,403,35,280,88,154373,139862,11450,3061
15-06-2021,499,41,245,213,154872,140107,11491,3274
16-06-2021,702,50,256,396,155574,140363,11541,3670
17-06-2021,722,58,339,325,156296,140702,11599,3995
18-06-2021,731,41,408,282,157027,141110,11640,4277
19-06-2021,693,45,344,304,157720,141454,11685,4581
20-06-2021,738,55,376,307,158458,141830,11740,4888
21-06-2021,719,56,366,297,159177,142196,11796,5185
22-06-2021,746,44,383,319,159923,142579,11840,5504
23-06-2021,873,57,422,394,160796,143001,11897,5898
24-06-2021,945,57,393,495,161741,143394,11954,6393
25-06-2021,975,57,507,411,162716,143901,12011,6804
26-06-2021,989,54,577,358,163705,144478,12065,7162
27-06-2021,889,67,493,329,164594,144971,12132,7491
28-06-2021,1080,68,557,455,165674,145528,12200,7946
29-06-2021,1065,89,631,345,166739,146159,12289,8291
30-06-2021,1204,104,753,347,167943,146912,12393,8638
01-07-2021,1397,78,695,624,169340,147607,12471,9262
02-07-2021,1390,88,799,503,170730,148406,12559,9765
03-07-2021,1439,89,742,608,172169,149148,12648,10373
04-07-2021,1469,103,733,633,173638,149881,12751,11006
05-07-2021,1543,119,1095,329,175181,150976,12870,11335
06-07-2021,1809,125,1264,420,176990,152240,12995,11755
07-07-2021,2548,164,1211,1173,179538,153451,13159,12928
08-07-2021,2551,181,1293,1077,182089,154744,13340,14005
09-07-2021,2531,180,1723,628,184620,156467,13520,14633
10-07-2021,2237,190,1424,623,186857,157891,13710,15256
11-07-2021,2419,286,1454,679,189276,159345,13996,15935
12-07-2021,2742,177,1665,900,192018,161010,14173,16835
13-07-2021,6271,181,2153,3937,198289,163163,14354,20772
14-07-2021,7089,237,1833,5019,205378,164996,14591,25791
15-07-2021,8227,212,1989,6026,213605,166985,14803,31817
16-07-2021,7833,349,2225,5259,221438,169210,15152,37076
17-07-2021,6920,284,2702,3934,228358,171912,15436,41010
18-07-2021,5727,331,3053,2343,234085,174965,15767,43353
19-07-2021,4421,358,2861,1202,238506,177826,16125,44555
20-07-2021,5652,271,2582,2799,244158,180408,16396,47354
21-07-2021,3858,402,2985,471,248016,183393,16798,47825
22-07-2021,6624,280,3195,3149,254640,186588,17078,50974
23-07-2021,6912,352,4146,2414,261552,190734,17430,53388
24-07-2021,5700,361,4449,890,267252,195183,17791,54278
25-07-2021,4763,319,4914,-470,272015,200097,18110,53808
26-07-2021,3157,373,4487,-1703,275172,204584,18483,52105
27-07-2021,6337,340,4956,1041,281509,209540,18823,53146
28-07-2021,6421,402,4656,1363,287930,214196,19225,54509
29-07-2021,5505,343,3977,1185,293435,218173,19568,55694
30-07-2021,5206,389,4981,-164,298641,223154,19957,55530
31-07-2021,4696,321,5167,-792,303337,228321,20278,54738
01-08-2021,3671,330,5992,-2651,307008,234313,20608,52087
02-08-2021,2488,343,4658,-2513,309496,238971,20951,49574
03-08-2021,4112,320,4386,-594,313608,243357,21271,48980
04-08-2021,4030,339,4188,-497,317638,247545,21610,48483
05-08-2021,4074,313,4649,-888,321712,252194,21923,47595
06-08-2021,4490,343,5023,-876,326202,257217,22266,46719
07-08-2021,3438,323,4532,-1417,329640,261749,22589,45302
08-08-2021,2537,305,3525,-1293,332177,265274,22894,44009
09-08-2021,1965,294,3476,-1805,334142,268750,23188,42204
10-08-2021,3618,257,4472,-1111,337760,273222,23445,41093
11-08-2021,2885,322,4170,-1607,340645,277392,23767,39486
12-08-2021,3161,302,4038,-1179,343806,281430,24069,38307
13-08-2021,4178,253,4383,-458,347984,285813,24322,37849
14-08-2021,3232,274,4491,-1533,351216,290304,24596,36316
15-08-2021,1725,231,3495,-2001,352941,293799,24827,34315
16-08-2021,1559,228,3785,-2454,354500,297584,25055,31861
17-08-2021,2346,244,3972,-1870,356846,301556,25299,29991
18-08-2021,1499,224,3216,-1941,358345,304772,25523,28050
19-08-2021,3019,220,3732,-933,361364,308504,25743,27117
20-08-2021,2508,204,3386,-1082,363872,311890,25947,26035
21-08-2021,2122,203,3360,-1441,365994,315250,26150,24594
22-08-2021,1301,203,2681,-1583,367295,317931,26353,23011
23-08-2021,1073,189,3281,-2397,368368,321212,26542,20614
24-08-2021,1700,184,3314,-1798,370068,324526,26726,18816
25-08-2021,1619,200,2689,-1270,371687,327215,26926,17546
26-08-2021,1354,148,2627,-1421,373041,329842,27074,16125
27-08-2021,1409,160,2372,-1123,374450,332214,27234,15002
28-08-2021,1079,167,1922,-1010,375529,334136,27401,13992
29-08-2021,666,145,1610,-1089,376195,335746,27546,12903
30-08-2021,640,129,1642,-1131,376835,337388,27675,11772
31-08-2021,1323,128,1661,-466,378158,339049,27803,11306
