tanggal,KASUS,MENINGGAL,SEMBUH,DIRAWAT_OR_ISOLASI,AKUMULASI_KASUS,AKUMULASI_SEMBUH,AKUMULASI_MENINGGAL,AKUMULASI_DIRAWAT_OR_ISOLASI
08-03-2020,1,1,0,0,1,0,1,0
09-03-2020,0,0,0,0,1,0,1,0
10-03-2020,0,0,0,0,1,0,1,0
11-03-2020,2,1,1,0,3,1,2,0
12-03-2020,0,0,0,0,3,1,2,0
13-03-2020,0,0,0,0,3,1,2,0
14-03-2020,2,0,1,1,5,2,2,1
15-03-2020,1,0,1,0,6,3,2,1
16-03-2020,1,0,0,1,7,3,2,2
17-03-2020,1,0,1,0,8,4,2,2
18-03-2020,3,1,0,2,11,4,3,4
19-03-2020,2,0,0,2,13,4,3,6
20-03-2020,4,0,1,3,17,5,3,9
21-03-2020,1,1,0,0,18,5,4,9
22-03-2020,1,0,1,0,19,6,4,9
23-03-2020,3,0,0,3,22,6,4,12
24-03-2020,3,1,1,1,25,7,5,13
25-03-2020,23,1,1,21,48,8,6,34
26-03-2020,4,0,1,3,52,9,6,37
27-03-2020,8,1,1,6,60,10,7,43
28-03-2020,15,2,2,11,75,12,9,54
29-03-2020,11,3,0,8,86,12,12,62
30-03-2020,17,1,1,15,103,13,13,77
31-03-2020,15,2,0,13,118,13,15,90
01-04-2020,19,8,16,-5,137,29,23,85
02-04-2020,5,2,2,1,142,31,25,86
03-04-2020,19,1,5,13,161,36,26,99
04-04-2020,15,1,3,11,176,39,27,110
05-04-2020,3,0,0,3,179,39,27,113
06-04-2020,16,5,1,10,195,40,32,123
07-04-2020,7,0,0,7,202,40,32,130
08-04-2020,14,3,2,9,216,42,35,139
09-04-2020,10,1,5,4,226,47,36,143
10-04-2020,2,0,0,2,228,47,36,145
11-04-2020,7,1,0,6,235,47,37,151
12-04-2020,57,1,1,55,292,48,38,206
13-04-2020,13,1,3,9,305,51,39,215
14-04-2020,81,1,3,77,386,54,40,292
15-04-2020,24,2,2,20,410,56,42,312
16-04-2020,15,3,4,8,425,60,45,320
17-04-2020,14,4,16,-6,439,76,49,314
18-04-2020,38,0,7,31,477,83,49,345
19-04-2020,24,2,0,22,501,83,51,367
20-04-2020,6,2,7,-3,507,90,53,364
21-04-2020,104,2,2,100,611,92,55,464
22-04-2020,40,2,10,28,651,102,57,492
23-04-2020,68,2,10,56,719,112,59,548
24-04-2020,41,4,4,33,760,116,63,581
25-04-2020,52,2,11,39,812,127,65,620
26-04-2020,38,0,3,35,850,130,65,655
27-04-2020,22,2,13,7,872,143,67,662
28-04-2020,22,1,13,8,894,156,68,670
29-04-2020,41,3,7,31,935,163,71,701
30-04-2020,19,1,13,5,954,176,72,706
01-05-2020,28,3,11,14,982,187,75,720
02-05-2020,27,1,9,17,1009,196,76,737
03-05-2020,16,1,10,5,1025,206,77,742
04-05-2020,26,0,9,17,1051,215,77,759
05-05-2020,51,0,22,29,1102,237,77,788
06-05-2020,54,1,34,19,1156,271,78,807
07-05-2020,15,1,22,-8,1171,293,79,799
08-05-2020,44,0,38,6,1215,331,79,805
09-05-2020,31,2,17,12,1246,348,81,817
10-05-2020,23,1,6,16,1269,354,82,833
11-05-2020,3,0,6,-3,1272,360,82,830
12-05-2020,17,2,5,10,1289,365,84,840
13-05-2020,36,0,7,29,1325,372,84,869
14-05-2020,58,1,10,47,1383,382,85,916
15-05-2020,48,0,10,38,1431,392,85,954
16-05-2020,43,1,7,35,1474,399,86,989
17-05-2020,25,0,5,20,1499,404,86,1009
18-05-2020,15,2,9,4,1514,413,88,1013
19-05-2020,23,0,14,9,1537,427,88,1022
20-05-2020,25,0,9,16,1562,436,88,1038
21-05-2020,28,0,9,19,1590,445,88,1057
22-05-2020,34,0,10,24,1624,455,88,1081
23-05-2020,69,0,15,54,1693,470,88,1135
24-05-2020,24,0,5,19,1717,475,88,1154
25-05-2020,10,0,3,7,1727,478,88,1161
26-05-2020,10,0,26,-16,1737,504,88,1145
27-05-2020,17,1,1,15,1754,505,89,1160
28-05-2020,17,1,7,9,1771,512,90,1169
29-05-2020,19,1,64,-46,1790,576,91,1123
30-05-2020,28,0,26,2,1818,602,91,1125
31-05-2020,45,0,10,35,1863,612,91,1160
01-06-2020,27,2,11,14,1890,623,93,1174
02-06-2020,34,0,13,21,1924,636,93,1195
03-06-2020,40,4,10,26,1964,646,97,1221
04-06-2020,44,4,15,25,2008,661,101,1246
05-06-2020,76,9,41,26,2084,702,110,1272
06-06-2020,63,2,22,39,2147,724,112,1311
07-06-2020,80,22,17,41,2227,741,134,1352
08-06-2020,93,5,52,36,2320,793,139,1388
09-06-2020,52,7,88,-43,2372,881,146,1345
10-06-2020,173,4,125,44,2545,1006,150,1389
11-06-2020,59,3,17,39,2604,1023,153,1428
12-06-2020,57,1,50,6,2661,1073,154,1434
13-06-2020,97,3,34,60,2758,1107,157,1494
14-06-2020,125,7,27,91,2883,1134,164,1585
15-06-2020,145,20,49,76,3028,1183,184,1661
16-06-2020,80,5,23,52,3108,1206,189,1713
17-06-2020,143,7,79,57,3251,1285,196,1770
18-06-2020,78,12,37,29,3329,1322,208,1799
19-06-2020,118,14,37,67,3447,1359,222,1866
20-06-2020,148,2,37,109,3595,1396,224,1975
21-06-2020,129,2,35,92,3724,1431,226,2067
22-06-2020,87,6,42,39,3811,1473,232,2106
23-06-2020,97,8,63,26,3908,1536,240,2132
24-06-2020,119,6,32,81,4027,1568,246,2213
25-06-2020,144,3,30,111,4171,1598,249,2324
26-06-2020,236,7,55,174,4407,1653,256,2498
27-06-2020,233,5,42,186,4640,1695,261,2684
28-06-2020,208,3,32,173,4848,1727,264,2857
29-06-2020,248,3,82,163,5096,1809,267,3020
30-06-2020,200,31,175,-6,5296,1984,298,3014
01-07-2020,217,3,116,98,5513,2100,301,3112
02-07-2020,190,4,32,154,5703,2132,305,3266
03-07-2020,161,14,102,45,5864,2234,319,3311
04-07-2020,143,25,131,-13,6007,2365,344,3298
05-07-2020,235,20,37,178,6242,2402,364,3476
06-07-2020,190,27,84,79,6432,2486,391,3555
07-07-2020,194,6,92,96,6626,2578,397,3651
08-07-2020,244,17,116,111,6870,2694,414,3762
09-07-2020,180,5,39,136,7050,2733,419,3898
10-07-2020,153,22,195,-64,7203,2928,441,3834
11-07-2020,170,7,21,142,7373,2949,448,3976
12-07-2020,121,18,22,81,7494,2971,466,4057
13-07-2020,165,9,47,109,7659,3018,475,4166
14-07-2020,135,7,37,91,7794,3055,482,4257
15-07-2020,345,10,106,229,8139,3161,492,4486
16-07-2020,299,8,249,42,8438,3410,500,4528
17-07-2020,313,6,221,86,8751,3631,506,4614
18-07-2020,315,6,289,20,9066,3920,512,4634
19-07-2020,357,34,423,-100,9423,4343,546,4534
20-07-2020,397,41,313,43,9820,4656,587,4577
21-07-2020,194,22,201,-29,10014,4857,609,4548
22-07-2020,355,71,206,78,10369,5063,680,4626
23-07-2020,333,71,228,34,10702,5291,751,4660
24-07-2020,140,46,134,-40,10842,5425,797,4620
25-07-2020,218,16,170,32,11060,5595,813,4652
26-07-2020,94,15,174,-95,11154,5769,828,4557
27-07-2020,212,3,215,-6,11366,5984,831,4551
28-07-2020,185,13,355,-183,11551,6339,844,4368
29-07-2020,314,20,314,-20,11865,6653,864,4348
30-07-2020,165,19,401,-255,12030,7054,883,4093
31-07-2020,235,8,90,137,12265,7144,891,4230
01-08-2020,143,16,329,-202,12408,7473,907,4028
02-08-2020,73,26,146,-99,12481,7619,933,3929
03-08-2020,96,3,169,-76,12577,7788,936,3853
04-08-2020,60,1,131,-72,12637,7919,937,3781
05-08-2020,148,15,191,-58,12785,8110,952,3723
06-08-2020,116,20,211,-115,12901,8321,972,3608
07-08-2020,232,8,208,16,13133,8529,980,3624
08-08-2020,87,12,76,-1,13220,8605,992,3623
09-08-2020,140,3,66,71,13360,8671,995,3694
10-08-2020,68,6,174,-112,13428,8845,1001,3582
11-08-2020,86,3,132,-49,13514,8977,1004,3533
12-08-2020,181,20,137,24,13695,9114,1024,3557
13-08-2020,204,14,115,75,13899,9229,1038,3632
14-08-2020,192,11,60,121,14091,9289,1049,3753
15-08-2020,132,5,63,64,14223,9352,1054,3817
16-08-2020,168,7,62,99,14391,9414,1061,3916
17-08-2020,36,5,43,-12,14427,9457,1066,3904
18-08-2020,118,12,99,7,14545,9556,1078,3911
19-08-2020,135,8,145,-18,14680,9701,1086,3893
20-08-2020,172,4,134,34,14852,9835,1090,3927
21-08-2020,94,5,100,-11,14946,9935,1095,3916
22-08-2020,105,16,151,-62,15051,10086,1111,3854
23-08-2020,188,12,68,108,15239,10154,1123,3962
24-08-2020,153,4,102,47,15392,10256,1127,4009
25-08-2020,200,25,123,52,15592,10379,1152,4061
26-08-2020,148,30,162,-44,15740,10541,1182,4017
27-08-2020,253,33,217,3,15993,10758,1215,4020
28-08-2020,244,28,121,95,16237,10879,1243,4115
29-08-2020,182,10,90,82,16419,10969,1253,4197
30-08-2020,140,15,94,31,16559,11063,1268,4228
31-08-2020,179,9,109,61,16738,11172,1277,4289
01-09-2020,202,14,129,59,16940,11301,1291,4348
02-09-2020,266,32,348,-114,17206,11649,1323,4234
03-09-2020,242,18,141,83,17448,11790,1341,4317
04-09-2020,191,5,119,67,17639,11909,1346,4384
05-09-2020,261,10,281,-30,17900,12190,1356,4354
06-09-2020,233,8,185,40,18133,12375,1364,4394
07-09-2020,264,6,162,96,18397,12537,1370,4490
08-09-2020,240,6,150,84,18637,12687,1376,4574
09-09-2020,283,11,165,107,18920,12852,1387,4681
10-09-2020,366,19,133,214,19286,12985,1406,4895
11-09-2020,573,5,195,373,19859,13180,1411,5268
12-09-2020,386,10,150,226,20245,13330,1421,5494
13-09-2020,283,6,106,171,20528,13436,1427,5665
14-09-2020,143,8,239,-104,20671,13675,1435,5561
15-09-2020,205,12,186,7,20876,13861,1447,5568
16-09-2020,339,14,123,202,21215,13984,1461,5770
17-09-2020,291,17,229,45,21506,14213,1478,5815
18-09-2020,200,9,414,-223,21706,14627,1487,5592
19-09-2020,273,40,388,-155,21979,15015,1527,5437
20-09-2020,304,9,296,-1,22283,15311,1536,5436
21-09-2020,241,20,318,-97,22524,15629,1556,5339
22-09-2020,233,42,402,-211,22757,16031,1598,5128
23-09-2020,257,20,371,-134,23014,16402,1618,4994
24-09-2020,435,26,685,-276,23449,17087,1644,4718
25-09-2020,330,15,268,47,23779,17355,1659,4765
26-09-2020,365,14,210,141,24144,17565,1673,4906
27-09-2020,253,4,117,132,24397,17682,1677,5038
28-09-2020,307,9,201,97,24704,17883,1686,5135
29-09-2020,270,12,253,5,24974,18136,1698,5140
30-09-2020,230,4,203,23,25204,18339,1702,5163
01-10-2020,302,5,190,107,25506,18529,1707,5270
02-10-2020,344,18,201,125,25850,18730,1725,5395
03-10-2020,371,5,201,165,26221,18931,1730,5560
04-10-2020,312,3,183,126,26533,19114,1733,5686
05-10-2020,368,7,194,167,26901,19308,1740,5853
06-10-2020,403,6,329,68,27304,19637,1746,5921
07-10-2020,385,4,271,110,27689,19908,1750,6031
08-10-2020,347,10,260,77,28036,20168,1760,6108
09-10-2020,408,10,199,199,28444,20367,1770,6307
10-10-2020,410,16,266,128,28854,20633,1786,6435
11-10-2020,314,8,199,107,29168,20832,1794,6542
12-10-2020,245,7,269,-31,29413,21101,1801,6511
13-10-2020,453,10,286,157,29866,21387,1811,6668
14-10-2020,286,11,885,-610,30152,22272,1822,6058
15-10-2020,470,26,2171,-1727,30622,24443,1848,4331
16-10-2020,445,9,391,45,31067,24834,1857,4376
17-10-2020,414,11,356,47,31481,25190,1868,4423
18-10-2020,355,3,383,-31,31836,25573,1871,4392
19-10-2020,316,6,335,-25,32152,25908,1877,4367
20-10-2020,442,20,586,-164,32594,26494,1897,4203
21-10-2020,375,13,380,-18,32969,26874,1910,4185
22-10-2020,510,11,364,135,33479,27238,1921,4320
23-10-2020,571,14,465,92,34050,27703,1935,4412
24-10-2020,285,20,423,-158,34335,28126,1955,4254
25-10-2020,356,8,367,-19,34691,28493,1963,4235
26-10-2020,158,17,297,-156,34849,28790,1980,4079
27-10-2020,314,12,316,-14,35163,29106,1992,4065
28-10-2020,319,10,326,-17,35482,29432,2002,4048
29-10-2020,368,9,234,125,35850,29666,2011,4173
30-10-2020,196,14,288,-106,36046,29954,2025,4067
31-10-2020,617,11,277,329,36663,30231,2036,4396
01-11-2020,462,10,328,124,37125,30559,2046,4520
02-11-2020,248,13,356,-121,37373,30915,2059,4399
03-11-2020,454,24,429,1,37827,31344,2083,4400
04-11-2020,546,16,351,179,38373,31695,2099,4579
05-11-2020,361,14,327,20,38734,32022,2113,4599
06-11-2020,613,12,277,324,39347,32299,2125,4923
07-11-2020,480,27,289,164,39827,32588,2152,5087
08-11-2020,638,8,276,354,40465,32864,2160,5441
09-11-2020,621,11,292,318,41086,33156,2171,5759
10-11-2020,684,15,304,365,41770,33460,2186,6124
11-11-2020,164,15,296,-147,41934,33756,2201,5977
12-11-2020,610,12,339,259,42544,34095,2213,6236
13-11-2020,3,31,309,-337,42547,34404,2244,5899
14-11-2020,3,16,212,-225,42550,34616,2260,5674
15-11-2020,1,9,263,-271,42551,34879,2269,5403
16-11-2020,5,9,305,-309,42556,35184,2278,5094
17-11-2020,5,21,409,-425,42561,35593,2299,4669
18-11-2020,489,18,229,242,43050,35822,2317,4911
19-11-2020,420,8,142,270,43470,35964,2325,5181
20-11-2020,476,3,323,150,43946,36287,2328,5331
21-11-2020,659,15,181,463,44605,36468,2343,5794
22-11-2020,470,14,565,-109,45075,37033,2357,5685
23-11-2020,897,10,144,743,45972,37177,2367,6428
24-11-2020,810,14,227,569,46782,37404,2381,6997
25-11-2020,998,1,86,911,47780,37490,2382,7908
26-11-2020,545,31,103,411,48325,37593,2413,8319
27-11-2020,872,46,240,586,49197,37833,2459,8905
28-11-2020,1007,19,187,801,50204,38020,2478,9706
29-11-2020,1650,67,582,1001,51854,38602,2545,10707
30-11-2020,811,12,971,-172,52665,39573,2557,10535
01-12-2020,730,8,256,466,53395,39829,2565,11001
02-12-2020,937,12,159,766,54332,39988,2577,11767
03-12-2020,772,13,249,510,55104,40237,2590,12277
04-12-2020,891,8,269,614,55995,40506,2598,12891
05-12-2020,760,5,259,496,56755,40765,2603,13387
06-12-2020,527,36,165,326,57282,40930,2639,13713
07-12-2020,594,8,204,382,57876,41134,2647,14095
08-12-2020,770,10,353,407,58646,41487,2657,14502
09-12-2020,735,37,179,519,59381,41666,2694,15021
10-12-2020,818,21,586,211,60199,42252,2715,15232
11-12-2020,786,18,236,532,60985,42488,2733,15764
12-12-2020,890,26,449,415,61875,42937,2759,16179
13-12-2020,696,45,175,476,62571,43112,2804,16655
14-12-2020,737,16,752,-31,63308,43864,2820,16624
15-12-2020,768,21,800,-53,64076,44664,2841,16571
16-12-2020,420,22,826,-428,64496,45490,2863,16143
17-12-2020,624,29,199,396,65120,45689,2892,16539
18-12-2020,354,16,325,13,65474,46014,2908,16552
19-12-2020,989,24,213,752,66463,46227,2932,17304
20-12-2020,879,48,145,686,67342,46372,2980,17990
21-12-2020,998,77,403,518,68340,46775,3057,18508
22-12-2020,895,37,547,311,69235,47322,3094,18819
23-12-2020,913,2,469,442,70148,47791,3096,19261
24-12-2020,894,43,385,466,71042,48176,3139,19727
25-12-2020,906,84,862,-40,71948,49038,3223,19687
26-12-2020,874,17,433,424,72822,49471,3240,20111
27-12-2020,785,80,486,219,73607,49957,3320,20330
28-12-2020,978,85,602,291,74585,50559,3405,20621
29-12-2020,1056,8,900,148,75641,51459,3413,20769
30-12-2020,952,31,528,393,76593,51987,3444,21162
31-12-2020,940,15,821,104,77533,52808,3459,21266
01-01-2021,900,4,337,559,78433,53145,3463,21825
02-01-2021,971,92,311,568,79404,53456,3555,22393
03-01-2021,929,64,73,792,80333,53529,3619,23185
04-01-2021,1038,12,731,295,81371,54260,3631,23480
05-01-2021,994,22,1327,-355,82365,55587,3653,23125
06-01-2021,1023,47,1025,-49,83388,56612,3700,23076
07-01-2021,996,45,699,252,84384,57311,3745,23328
08-01-2021,1072,58,820,194,85456,58131,3803,23522
09-01-2021,1034,23,271,740,86490,58402,3826,24262
10-01-2021,1046,17,138,891,87536,58540,3843,25153
11-01-2021,1051,31,790,230,88587,59330,3874,25383
12-01-2021,1326,100,1295,-69,89913,60625,3974,25314
13-01-2021,1474,95,736,643,91387,61361,4069,25957
14-01-2021,1500,88,1005,407,92887,62366,4157,26364
15-01-2021,1995,32,859,1104,94882,63225,4189,27468
16-01-2021,1995,44,755,1196,96877,63980,4233,28664
17-01-2021,1852,34,120,1698,98729,64100,4267,30362
18-01-2021,1559,82,1061,416,100288,65161,4349,30778
19-01-2021,1618,106,673,839,101906,65834,4455,31617
20-01-2021,1775,30,528,1217,103681,66362,4485,32834
21-01-2021,1976,101,1114,761,105657,67476,4586,33595
22-01-2021,1801,35,625,1141,107458,68101,4621,34736
23-01-2021,1873,8,479,1386,109331,68580,4629,36122
24-01-2021,1515,5,289,1221,110846,68869,4634,37343
25-01-2021,1519,122,2161,-764,112365,71030,4756,36579
26-01-2021,1680,110,1582,-12,114045,72612,4866,36567
27-01-2021,1798,112,1554,132,115843,74166,4978,36699
28-01-2021,1506,85,893,528,117349,75059,5063,37227
29-01-2021,1495,25,374,1096,118844,75433,5088,38323
30-01-2021,1240,24,309,907,120084,75742,5112,39230
31-01-2021,1116,27,176,913,121200,75918,5139,40143
01-02-2021,975,137,1977,-1139,122175,77895,5276,39004
02-02-2021,1119,63,1374,-318,123294,79269,5339,38686
03-02-2021,1788,23,990,775,125082,80259,5362,39461
04-02-2021,1776,78,781,917,126858,81040,5440,40378
05-02-2021,1888,20,511,1357,128746,81551,5460,41735
06-02-2021,1601,16,115,1470,130347,81666,5476,43205
07-02-2021,1062,15,78,969,131409,81744,5491,44174
08-02-2021,826,9,1041,-224,132235,82785,5500,43950
09-02-2021,949,50,662,237,133184,83447,5550,44187
10-02-2021,1221,9,1312,-100,134405,84759,5559,44087
11-02-2021,985,24,748,213,135390,85507,5583,44300
12-02-2021,663,23,150,490,136053,85657,5606,44790
13-02-2021,761,116,537,108,136814,86194,5722,44898
14-02-2021,478,71,49,358,137292,86243,5793,45256
15-02-2021,880,40,226,614,138172,86469,5833,45870
16-02-2021,1103,38,14,1051,139275,86483,5871,46921
17-02-2021,868,6,60,802,140143,86543,5877,47723
18-02-2021,676,9,489,178,140819,87032,5886,47901
19-02-2021,1205,36,691,478,142024,87723,5922,48379
20-02-2021,806,18,489,299,142830,88212,5940,48678
21-02-2021,484,12,226,246,143314,88438,5952,48924
22-02-2021,1048,41,1141,-134,144362,89579,5993,48790
23-02-2021,830,144,645,41,145192,90224,6137,48831
24-02-2021,1263,78,571,614,146455,90795,6215,49445
25-02-2021,825,69,1221,-465,147280,92016,6284,48980
26-02-2021,659,133,1107,-581,147939,93123,6417,48399
27-02-2021,633,69,2494,-1930,148572,95617,6486,46469
28-02-2021,310,16,2701,-2407,148882,98318,6502,44062
01-03-2021,659,24,883,-248,149541,99201,6526,43814
02-03-2021,985,36,812,137,150526,100013,6562,43951
03-03-2021,473,27,1312,-866,150999,101325,6589,43085
04-03-2021,593,19,692,-118,151592,102017,6608,42967
05-03-2021,873,17,284,572,152465,102301,6625,43539
06-03-2021,587,8,47,532,153052,102348,6633,44071
07-03-2021,394,2,572,-180,153446,102920,6635,43891
08-03-2021,871,85,2346,-1560,154317,105266,6720,42331
09-03-2021,900,52,1860,-1012,155217,107126,6772,41319
10-03-2021,304,32,641,-369,155521,107767,6804,40950
11-03-2021,253,13,329,-89,155774,108096,6817,40861
12-03-2021,497,32,755,-290,156271,108851,6849,40571
13-03-2021,156,11,262,-117,156427,109113,6860,40454
14-03-2021,144,3,106,35,156571,109219,6863,40489
15-03-2021,657,20,561,76,157228,109780,6883,40565
16-03-2021,563,41,1389,-867,157791,111169,6924,39698
17-03-2021,598,43,732,-177,158389,111901,6967,39521
18-03-2021,659,67,948,-356,159048,112849,7034,39165
19-03-2021,611,48,842,-279,159659,113691,7082,38886
20-03-2021,221,9,302,-90,159880,113993,7091,38796
21-03-2021,102,4,102,-4,159982,114095,7095,38792
22-03-2021,740,21,1713,-994,160722,115808,7116,37798
23-03-2021,734,23,1095,-384,161456,116903,7139,37414
24-03-2021,403,27,1156,-780,161859,118059,7166,36634
25-03-2021,438,18,568,-148,162297,118627,7184,36486
26-03-2021,267,8,545,-286,162564,119172,7192,36200
27-03-2021,141,9,87,45,162705,119259,7201,36245
28-03-2021,101,1,1,99,162806,119260,7202,36344
29-03-2021,390,37,870,-517,163196,120130,7239,35827
30-03-2021,650,17,1108,-475,163846,121238,7256,35352
31-03-2021,497,10,657,-170,164343,121895,7266,35182
01-04-2021,670,14,812,-156,165013,122707,7280,35026
02-04-2021,235,10,138,87,165248,122845,7290,35113
03-04-2021,270,3,80,187,165518,122925,7293,35300
04-04-2021,198,46,13,139,165716,122938,7339,35439
05-04-2021,499,51,2016,-1568,166215,124954,7390,33871
06-04-2021,594,3,804,-213,166809,125758,7393,33658
07-04-2021,535,9,2274,-1748,167344,128032,7402,31910
08-04-2021,798,38,2682,-1922,168142,130714,7440,29988
09-04-2021,570,27,2752,-2209,168712,133466,7467,27779
10-04-2021,281,0,292,-11,168993,133758,7467,27768
11-04-2021,206,22,359,-175,169199,134117,7489,27593
12-04-2021,741,14,1253,-526,169940,135370,7503,27067
13-04-2021,860,15,2018,-1173,170800,137388,7518,25894
14-04-2021,717,21,1745,-1049,171517,139133,7539,24845
15-04-2021,840,36,2096,-1292,172357,141229,7575,23553
16-04-2021,669,28,1851,-1210,173026,143080,7603,22343
17-04-2021,520,2,1782,-1264,173546,144862,7605,21079
18-04-2021,398,8,1334,-944,173944,146196,7613,20135
19-04-2021,683,16,1848,-1181,174627,148044,7629,18954
20-04-2021,686,68,2312,-1694,175313,150356,7697,17260
21-04-2021,675,81,2042,-1448,175988,152398,7778,15812
22-04-2021,605,37,1655,-1087,176593,154053,7815,14725
23-04-2021,376,45,1531,-1200,176969,155584,7860,13525
24-04-2021,319,54,615,-350,177288,156199,7914,13175
25-04-2021,247,0,310,-63,177535,156509,7914,13112
26-04-2021,646,53,488,105,178181,156997,7967,13217
27-04-2021,356,41,635,-320,178537,157632,8008,12897
28-04-2021,227,57,635,-465,178764,158267,8065,12432
29-04-2021,585,74,1411,-900,179349,159678,8139,11532
30-04-2021,405,73,939,-607,179754,160617,8212,10925
01-05-2021,202,20,231,-49,179956,160848,8232,10876
02-05-2021,178,18,80,80,180134,160928,8250,10956
03-05-2021,540,32,598,-90,180674,161526,8282,10866
04-05-2021,382,27,659,-304,181056,162185,8309,10562
05-05-2021,544,59,586,-101,181600,162771,8368,10461
06-05-2021,372,13,403,-44,181972,163174,8381,10417
07-05-2021,535,12,763,-240,182507,163937,8393,10177
08-05-2021,138,54,408,-324,182645,164345,8447,9853
09-05-2021,139,41,445,-347,182784,164790,8488,9506
10-05-2021,857,76,739,42,183641,165529,8564,9548
11-05-2021,546,80,773,-307,184187,166302,8644,9241
12-05-2021,116,24,289,-197,184303,166591,8668,9044
13-05-2021,480,2,1143,-665,184783,167734,8670,8379
14-05-2021,165,21,442,-298,184948,168176,8691,8081
15-05-2021,251,35,425,-209,185199,168601,8726,7872
16-05-2021,349,16,392,-59,185548,168993,8742,7813
17-05-2021,689,43,899,-253,186237,169892,8785,7560
18-05-2021,575,16,631,-72,186812,170523,8801,7488
19-05-2021,415,53,182,180,187227,170705,8854,7668
20-05-2021,576,68,422,86,187803,171127,8922,7754
21-05-2021,672,44,159,469,188475,171286,8966,8223
22-05-2021,514,32,117,365,188989,171403,8998,8588
23-05-2021,367,21,254,92,189356,171657,9019,8680
24-05-2021,933,14,877,42,190289,172534,9033,8722
25-05-2021,712,28,332,352,191001,172866,9061,9074
26-05-2021,550,23,247,280,191551,173113,9084,9354
27-05-2021,713,5,237,471,192264,173350,9089,9825
28-05-2021,686,46,632,8,192950,173982,9135,9833
29-05-2021,1079,21,651,407,194029,174633,9156,10240
30-05-2021,1019,9,271,739,195048,174904,9165,10979
31-05-2021,921,22,574,325,195969,175478,9187,11304
01-06-2021,866,23,121,722,196835,175599,9210,12026
02-06-2021,803,42,160,601,197638,175759,9252,12627
03-06-2021,747,29,452,266,198385,176211,9281,12893
04-06-2021,955,53,572,330,199340,176783,9334,13223
05-06-2021,1090,19,116,955,200430,176899,9353,14178
06-06-2021,886,41,395,450,201316,177294,9394,14628
07-06-2021,1596,28,1217,351,202912,178511,9422,14979
08-06-2021,1606,33,677,896,204518,179188,9455,15875
09-06-2021,1588,16,938,634,206106,180126,9471,16509
10-06-2021,1718,60,592,1066,207824,180718,9531,17575
11-06-2021,1235,37,814,384,209059,181532,9568,17959
12-06-2021,1035,38,181,816,210094,181713,9606,18775
13-06-2021,2686,9,172,2505,212780,181885,9615,21280
14-06-2021,1849,57,663,1129,214629,182548,9672,22409
15-06-2021,2192,20,886,1286,216821,183434,9692,23695
16-06-2021,1820,20,576,1224,218641,184010,9712,24919
17-06-2021,1909,55,991,863,220550,185001,9767,25782
18-06-2021,1636,53,772,811,222186,185773,9820,26593
19-06-2021,2093,39,242,1812,224279,186015,9859,28405
20-06-2021,1955,89,160,1706,226234,186175,9948,30111
21-06-2021,3390,46,2203,1141,229624,188378,9994,31252
22-06-2021,2419,75,1652,692,232043,190030,10069,31944
23-06-2021,2326,53,2022,251,234369,192052,10122,32195
24-06-2021,3062,81,2252,729,237431,194304,10203,32924
25-06-2021,1651,119,1938,-406,239082,196242,10322,32518
26-06-2021,1887,59,574,1254,240969,196816,10381,33772
27-06-2021,1815,97,443,1275,242784,197259,10478,35047
28-06-2021,1810,72,1563,175,244594,198822,10550,35222
29-06-2021,2922,94,1517,1311,247516,200339,10644,36533
30-06-2021,2528,84,1966,478,250044,202305,10728,37011
01-07-2021,2776,180,1726,870,252820,204031,10908,37881
02-07-2021,2701,220,1193,1288,255521,205224,11128,39169
03-07-2021,3440,235,1498,1707,258961,206722,11363,40876
04-07-2021,3050,93,997,1960,262011,207719,11456,42836
05-07-2021,3375,140,1579,1656,265386,209298,11596,44492
06-07-2021,3836,230,1729,1877,269222,211027,11826,46369
07-07-2021,3953,368,2771,814,273175,213798,12194,47183
08-07-2021,4228,247,2258,1723,277403,216056,12441,48906
09-07-2021,4604,200,3044,1360,282007,219100,12641,50266
10-07-2021,3755,163,1540,2052,285762,220640,12804,52318
11-07-2021,2349,157,2522,-330,288111,223162,12961,51988
12-07-2021,2870,197,2669,4,290981,225831,13158,51992
13-07-2021,3375,171,2406,798,294356,228237,13329,52790
14-07-2021,4939,244,2729,1966,299295,230966,13573,54756
15-07-2021,4295,248,2223,1824,303590,233189,13821,56580
16-07-2021,4234,271,2744,1219,307824,235933,14092,57799
17-07-2021,5015,248,1679,3088,312839,237612,14340,60887
18-07-2021,4523,178,3440,905,317362,241052,14518,61792
19-07-2021,4113,272,3647,194,321475,244699,14790,61986
20-07-2021,3419,268,4085,-934,324894,248784,15058,61052
21-07-2021,4296,385,3949,-38,329190,252733,15443,61014
22-07-2021,5389,378,6002,-991,334579,258735,15821,60023
23-07-2021,4413,434,3919,60,338992,262654,16255,60083
24-07-2021,5453,332,3967,1154,344445,266621,16587,61237
25-07-2021,5656,264,3368,2024,350101,269989,16851,63261
26-07-2021,3985,295,4702,-1012,354086,274691,17146,62249
27-07-2021,5072,412,4624,36,359158,279315,17558,62285
28-07-2021,6662,398,4468,1796,365820,283783,17956,64081
29-07-2021,4209,544,6018,-2353,370029,289801,18500,61728
30-07-2021,4442,341,4677,-576,374471,294478,18841,61152
31-07-2021,4716,314,4480,-78,379187,298958,19155,61074
01-08-2021,4034,419,4355,-740,383221,303313,19574,60334
02-08-2021,2651,296,3279,-924,385872,306592,19870,59410
03-08-2021,4115,383,3820,-88,389987,310412,20253,59322
04-08-2021,3916,537,5980,-2601,393903,316392,20790,56721
05-08-2021,4036,498,7608,-4070,397939,324000,21288,52651
06-08-2021,2690,435,7920,-5665,400629,331920,21723,46986
07-08-2021,4641,366,4841,-566,405270,336761,22089,46420
08-08-2021,4692,250,5359,-917,409962,342120,22339,45503
09-08-2021,4203,410,6416,-2623,414165,348536,22749,42880
10-08-2021,4564,484,6040,-1960,418729,354576,23233,40920
11-08-2021,4981,344,6954,-2317,423710,361530,23577,38603
12-08-2021,5299,400,7622,-2723,429009,369152,23977,35880
13-08-2021,4220,472,3659,89,433229,372811,24449,35969
14-08-2021,4561,375,5216,-1030,437790,378027,24824,34939
15-08-2021,4142,309,4114,-281,441932,382141,25133,34658
16-08-2021,3802,373,3978,-549,445734,386119,25506,34109
17-08-2021,3264,306,4793,-1835,448998,390912,25812,32274
18-08-2021,3074,292,3977,-1195,452072,394889,26104,31079
19-08-2021,1438,402,1772,-736,453510,396661,26506,30343
20-08-2021,1439,339,1316,-216,454949,397977,26845,30127
21-08-2021,1244,315,1552,-623,456193,399529,27160,29504
22-08-2021,820,317,1386,-883,457013,400915,27477,28621
23-08-2021,798,96,1018,-316,457811,401933,27573,28305
24-08-2021,1246,116,955,175,459057,402888,27689,28480
25-08-2021,817,102,1522,-807,459874,404410,27791,27673
26-08-2021,812,76,1209,-473,460686,405619,27867,27200
27-08-2021,1068,47,1043,-22,461754,406662,27914,27178
28-08-2021,750,54,683,13,462504,407345,27968,27191
29-08-2021,518,39,1267,-788,463022,408612,28007,26403
30-08-2021,508,42,940,-474,463530,409552,28049,25929
31-08-2021,637,31,1100,-494,464167,410652,28080,25435
01-09-2021,958,164,1138,-344,465125,411790,28244,25091
02-09-2021,1134,207,5035,-4108,466259,416825,28451,20983
03-09-2021,727,122,1355,-750,466986,418180,28573,20233
04-09-2021,512,73,490,-51,467498,418670,28646,20182
05-09-2021,625,90,1078,-543,468123,419748,28736,19639
06-09-2021,751,71,1001,-321,468874,420749,28807,19318
07-09-2021,964,116,1114,-266,469838,421863,28923,19052
08-09-2021,710,145,1015,-450,470548,422878,29068,18602
09-09-2021,534,78,668,-212,471082,423546,29146,18390
10-09-2021,505,47,638,-180,471587,424184,29193,18210
11-09-2021,295,31,371,-107,471882,424555,29224,18103
12-09-2021,168,14,2004,-1850,472050,426559,29238,16253
13-09-2021,353,35,2013,-1695,472403,428572,29273,14558
14-09-2021,339,48,2078,-1787,472742,430650,29321,12771
15-09-2021,332,39,1922,-1629,473074,432572,29360,11142
16-09-2021,293,42,1913,-1662,473367,434485,29402,9480
17-09-2021,265,41,1928,-1704,473632,436413,29443,7776
18-09-2021,298,37,1320,-1059,473930,437733,29480,6717
19-09-2021,219,11,1403,-1195,474149,439136,29491,5522
20-09-2021,332,19,1927,-1614,474481,441063,29510,3908
21-09-2021,245,23,333,-111,474726,441396,29533,3797
22-09-2021,190,14,267,-91,474916,441663,29547,3706
23-09-2021,333,16,250,67,475249,441913,29563,3773
24-09-2021,286,16,229,41,475535,442142,29579,3814
25-09-2021,309,11,211,87,475844,442353,29590,3901
26-09-2021,176,3,187,-14,476020,442540,29593,3887
