tanggal,KASUS,MENINGGAL,SEMBUH,DIRAWAT_OR_ISOLASI,AKUMULASI_KASUS,AKUMULASI_SEMBUH,AKUMULASI_MENINGGAL,AKUMULASI_DIRAWAT_OR_ISOLASI
08-03-2020,1,1,0,0,1,0,1,0
09-03-2020,0,0,0,0,1,0,1,0
10-03-2020,0,0,0,0,1,0,1,0
11-03-2020,1,1,1,-1,2,1,2,-1
12-03-2020,0,0,0,0,2,1,2,-1
13-03-2020,0,0,0,0,2,1,2,-1
14-03-2020,2,0,1,1,4,2,2,0
15-03-2020,1,0,1,0,5,3,2,0
16-03-2020,1,0,0,1,6,3,2,1
17-03-2020,1,0,1,0,7,4,2,1
18-03-2020,2,1,0,1,9,4,3,2
19-03-2020,2,0,0,2,11,4,3,4
20-03-2020,4,0,1,3,15,5,3,7
21-03-2020,1,1,0,0,16,5,4,7
22-03-2020,1,0,1,0,17,6,4,7
23-03-2020,3,0,0,3,20,6,4,10
24-03-2020,2,1,1,0,22,7,5,10
25-03-2020,23,1,1,21,45,8,6,31
26-03-2020,3,0,1,2,48,9,6,33
27-03-2020,8,1,1,6,56,10,7,39
28-03-2020,14,2,2,10,70,12,9,49
29-03-2020,11,3,0,8,81,12,12,57
30-03-2020,17,1,1,15,98,13,13,72
31-03-2020,15,2,0,13,113,13,15,85
01-04-2020,18,8,16,-6,131,29,23,79
02-04-2020,4,2,2,0,135,31,25,79
03-04-2020,18,1,5,12,153,36,26,91
04-04-2020,14,1,3,10,167,39,27,101
05-04-2020,3,0,0,3,170,39,27,104
06-04-2020,19,5,1,13,189,40,32,117
07-04-2020,8,0,0,8,197,40,32,125
08-04-2020,14,3,2,9,211,42,35,134
09-04-2020,11,1,5,5,222,47,36,139
10-04-2020,2,0,0,2,224,47,36,141
11-04-2020,7,1,0,6,231,47,37,147
12-04-2020,57,1,1,55,288,48,38,202
13-04-2020,13,1,3,9,301,51,39,211
14-04-2020,81,1,3,77,382,54,40,288
15-04-2020,25,2,2,21,407,56,42,309
16-04-2020,15,3,4,8,422,60,45,317
17-04-2020,14,4,16,-6,436,76,49,311
18-04-2020,38,0,7,31,474,83,49,342
19-04-2020,24,2,0,22,498,83,51,364
20-04-2020,7,2,7,-2,505,90,53,362
21-04-2020,104,2,2,100,609,92,55,462
22-04-2020,40,2,10,28,649,102,57,490
23-04-2020,68,2,11,55,717,113,59,545
24-04-2020,41,4,4,33,758,117,63,578
25-04-2020,52,2,11,39,810,128,65,617
26-04-2020,38,0,3,35,848,131,65,652
27-04-2020,22,2,13,7,870,144,67,659
28-04-2020,22,1,13,8,892,157,68,667
29-04-2020,41,3,8,30,933,165,71,697
30-04-2020,19,1,13,5,952,178,72,702
01-05-2020,28,3,11,14,980,189,75,716
02-05-2020,28,1,10,17,1008,199,76,733
03-05-2020,16,1,11,4,1024,210,77,737
04-05-2020,27,0,10,17,1051,220,77,754
05-05-2020,51,0,22,29,1102,242,77,783
06-05-2020,54,1,35,18,1156,277,78,801
07-05-2020,15,1,23,-9,1171,300,79,792
08-05-2020,45,0,39,6,1216,339,79,798
09-05-2020,31,2,17,12,1247,356,81,810
10-05-2020,23,1,6,16,1270,362,82,826
11-05-2020,3,0,6,-3,1273,368,82,823
12-05-2020,18,2,5,11,1291,373,84,834
13-05-2020,36,0,7,29,1327,380,84,863
14-05-2020,59,1,10,48,1386,390,85,911
15-05-2020,48,0,10,38,1434,400,85,949
16-05-2020,43,1,8,34,1477,408,86,983
17-05-2020,25,0,5,20,1502,413,86,1003
18-05-2020,15,2,9,4,1517,422,88,1007
19-05-2020,25,0,14,11,1542,436,88,1018
20-05-2020,25,0,9,16,1567,445,88,1034
21-05-2020,28,0,10,18,1595,455,88,1052
22-05-2020,34,0,10,24,1629,465,88,1076
23-05-2020,69,0,15,54,1698,480,88,1130
24-05-2020,24,0,5,19,1722,485,88,1149
25-05-2020,10,0,3,7,1732,488,88,1156
26-05-2020,10,0,28,-18,1742,516,88,1138
27-05-2020,17,1,1,15,1759,517,89,1153
28-05-2020,17,1,7,9,1776,524,90,1162
29-05-2020,18,1,64,-47,1794,588,91,1115
30-05-2020,29,0,26,3,1823,614,91,1118
31-05-2020,45,0,10,35,1868,624,91,1153
01-06-2020,27,2,11,14,1895,635,93,1167
02-06-2020,36,0,13,23,1931,648,93,1190
03-06-2020,40,4,11,25,1971,659,97,1215
04-06-2020,46,4,16,26,2017,675,101,1241
05-06-2020,77,9,42,26,2094,717,110,1267
06-06-2020,63,2,22,39,2157,739,112,1306
07-06-2020,82,22,17,43,2239,756,134,1349
08-06-2020,100,5,53,42,2339,809,139,1391
09-06-2020,54,7,89,-42,2393,898,146,1349
10-06-2020,175,4,128,43,2568,1026,150,1392
11-06-2020,63,4,17,42,2631,1043,154,1434
12-06-2020,59,1,50,8,2690,1093,155,1442
13-06-2020,101,3,37,61,2791,1130,158,1503
14-06-2020,128,7,27,94,2919,1157,165,1597
15-06-2020,149,21,49,79,3068,1206,186,1676
16-06-2020,83,6,23,54,3151,1229,192,1730
17-06-2020,144,8,79,57,3295,1308,200,1787
18-06-2020,83,14,39,30,3378,1347,214,1817
19-06-2020,120,14,37,69,3498,1384,228,1886
20-06-2020,151,2,37,112,3649,1421,230,1998
21-06-2020,130,2,36,92,3779,1457,232,2090
22-06-2020,88,7,43,38,3867,1500,239,2128
23-06-2020,99,8,64,27,3966,1564,247,2155
24-06-2020,122,6,33,83,4088,1597,253,2238
25-06-2020,145,3,35,107,4233,1632,256,2345
26-06-2020,241,7,60,174,4474,1692,263,2519
27-06-2020,239,5,43,191,4713,1735,268,2710
28-06-2020,208,3,32,173,4921,1767,271,2883
29-06-2020,250,3,84,163,5171,1851,274,3046
30-06-2020,201,32,178,-9,5372,2029,306,3037
01-07-2020,220,3,118,99,5592,2147,309,3136
02-07-2020,195,4,35,156,5787,2182,313,3292
03-07-2020,166,15,104,47,5953,2286,328,3339
04-07-2020,145,25,134,-14,6098,2420,353,3325
05-07-2020,237,20,38,179,6335,2458,373,3504
06-07-2020,219,28,84,107,6554,2542,401,3611
07-07-2020,202,6,99,97,6756,2641,407,3708
08-07-2020,247,18,121,108,7003,2762,425,3816
09-07-2020,180,5,39,136,7183,2801,430,3952
10-07-2020,154,22,199,-67,7337,3000,452,3885
11-07-2020,170,7,24,139,7507,3024,459,4024
12-07-2020,121,18,27,76,7628,3051,477,4100
13-07-2020,166,9,47,110,7794,3098,486,4210
14-07-2020,138,7,38,93,7932,3136,493,4303
15-07-2020,355,10,112,233,8287,3248,503,4536
16-07-2020,304,8,252,44,8591,3500,511,4580
17-07-2020,321,7,224,90,8912,3724,518,4670
18-07-2020,325,6,291,28,9237,4015,524,4698
19-07-2020,361,34,424,-97,9598,4439,558,4601
20-07-2020,408,42,316,50,10006,4755,600,4651
21-07-2020,197,23,211,-37,10203,4966,623,4614
22-07-2020,385,76,215,94,10588,5181,699,4708
23-07-2020,340,73,240,27,10928,5421,772,4735
24-07-2020,160,48,137,-25,11088,5558,820,4710
25-07-2020,222,16,177,29,11310,5735,836,4739
26-07-2020,94,15,176,-97,11404,5911,851,4642
27-07-2020,212,4,223,-15,11616,6134,855,4627
28-07-2020,185,15,360,-190,11801,6494,870,4437
29-07-2020,314,20,319,-25,12115,6813,890,4412
30-07-2020,165,19,409,-263,12280,7222,909,4149
31-07-2020,235,8,95,132,12515,7317,917,4281
01-08-2020,143,16,334,-207,12658,7651,933,4074
02-08-2020,73,26,147,-100,12731,7798,959,3974
03-08-2020,96,3,175,-82,12827,7973,962,3892
04-08-2020,60,1,142,-83,12887,8115,963,3809
05-08-2020,148,15,195,-62,13035,8310,978,3747
06-08-2020,116,20,217,-121,13151,8527,998,3626
07-08-2020,232,8,212,12,13383,8739,1006,3638
08-08-2020,87,12,78,-3,13470,8817,1018,3635
09-08-2020,140,3,68,69,13610,8885,1021,3704
10-08-2020,68,6,176,-114,13678,9061,1027,3590
11-08-2020,86,3,136,-53,13764,9197,1030,3537
12-08-2020,181,20,137,24,13945,9334,1050,3561
13-08-2020,204,14,118,72,14149,9452,1064,3633
14-08-2020,192,11,62,119,14341,9514,1075,3752
15-08-2020,132,5,64,63,14473,9578,1080,3815
16-08-2020,168,7,62,99,14641,9640,1087,3914
17-08-2020,36,5,43,-12,14677,9683,1092,3902
18-08-2020,118,12,100,6,14795,9783,1104,3908
19-08-2020,135,8,145,-18,14930,9928,1112,3890
20-08-2020,173,4,135,34,15103,10063,1116,3924
21-08-2020,94,5,101,-12,15197,10164,1121,3912
22-08-2020,105,16,151,-62,15302,10315,1137,3850
23-08-2020,188,12,68,108,15490,10383,1149,3958
24-08-2020,153,4,103,46,15643,10486,1153,4004
25-08-2020,200,25,123,52,15843,10609,1178,4056
26-08-2020,148,30,164,-46,15991,10773,1208,4010
27-08-2020,253,33,218,2,16244,10991,1241,4012
28-08-2020,244,28,121,95,16488,11112,1269,4107
29-08-2020,182,10,90,82,16670,11202,1279,4189
30-08-2020,140,15,94,31,16810,11296,1294,4220
31-08-2020,179,9,110,60,16989,11406,1303,4280
01-09-2020,202,14,129,59,17191,11535,1317,4339
02-09-2020,266,32,370,-136,17457,11905,1349,4203
03-09-2020,242,18,141,83,17699,12046,1367,4286
04-09-2020,191,5,120,66,17890,12166,1372,4352
05-09-2020,261,10,282,-31,18151,12448,1382,4321
06-09-2020,233,8,185,40,18384,12633,1390,4361
07-09-2020,265,6,163,96,18649,12796,1396,4457
08-09-2020,242,6,152,84,18891,12948,1402,4541
09-09-2020,283,11,165,107,19174,13113,1413,4648
10-09-2020,366,19,133,214,19540,13246,1432,4862
11-09-2020,573,5,195,373,20113,13441,1437,5235
12-09-2020,386,10,151,225,20499,13592,1447,5460
13-09-2020,283,6,106,171,20782,13698,1453,5631
14-09-2020,143,8,239,-104,20925,13937,1461,5527
15-09-2020,205,12,186,7,21130,14123,1473,5534
16-09-2020,339,14,123,202,21469,14246,1487,5736
17-09-2020,291,17,229,45,21760,14475,1504,5781
18-09-2020,200,9,414,-223,21960,14889,1513,5558
19-09-2020,273,40,388,-155,22233,15277,1553,5403
20-09-2020,304,9,296,-1,22537,15573,1562,5402
21-09-2020,241,20,318,-97,22778,15891,1582,5305
22-09-2020,233,42,402,-211,23011,16293,1624,5094
23-09-2020,257,20,371,-134,23268,16664,1644,4960
24-09-2020,435,26,685,-276,23703,17349,1670,4684
25-09-2020,330,15,268,47,24033,17617,1685,4731
26-09-2020,365,14,210,141,24398,17827,1699,4872
27-09-2020,253,4,117,132,24651,17944,1703,5004
28-09-2020,307,9,201,97,24958,18145,1712,5101
29-09-2020,270,12,253,5,25228,18398,1724,5106
30-09-2020,230,4,203,23,25458,18601,1728,5129
01-10-2020,302,5,190,107,25760,18791,1733,5236
02-10-2020,344,18,201,125,26104,18992,1751,5361
03-10-2020,371,5,201,165,26475,19193,1756,5526
04-10-2020,312,3,183,126,26787,19376,1759,5652
05-10-2020,368,7,194,167,27155,19570,1766,5819
06-10-2020,403,6,330,67,27558,19900,1772,5886
07-10-2020,385,4,271,110,27943,20171,1776,5996
08-10-2020,347,10,260,77,28290,20431,1786,6073
09-10-2020,408,10,199,199,28698,20630,1796,6272
10-10-2020,410,16,266,128,29108,20896,1812,6400
11-10-2020,314,8,199,107,29422,21095,1820,6507
12-10-2020,245,8,270,-33,29667,21365,1828,6474
13-10-2020,453,10,286,157,30120,21651,1838,6631
14-10-2020,286,11,885,-610,30406,22536,1849,6021
15-10-2020,470,26,2173,-1729,30876,24709,1875,4292
16-10-2020,445,9,391,45,31321,25100,1884,4337
17-10-2020,414,11,357,46,31735,25457,1895,4383
18-10-2020,355,3,383,-31,32090,25840,1898,4352
19-10-2020,316,7,335,-26,32406,26175,1905,4326
20-10-2020,442,20,587,-165,32848,26762,1925,4161
21-10-2020,375,13,380,-18,33223,27142,1938,4143
22-10-2020,510,11,365,134,33733,27507,1949,4277
23-10-2020,571,14,465,92,34304,27972,1963,4369
24-10-2020,285,20,423,-158,34589,28395,1983,4211
25-10-2020,356,8,367,-19,34945,28762,1991,4192
26-10-2020,158,17,297,-156,35103,29059,2008,4036
27-10-2020,314,12,317,-15,35417,29376,2020,4021
28-10-2020,319,10,326,-17,35736,29702,2030,4004
29-10-2020,368,9,234,125,36104,29936,2039,4129
30-10-2020,196,14,288,-106,36300,30224,2053,4023
31-10-2020,617,11,277,329,36917,30501,2064,4352
01-11-2020,462,10,328,124,37379,30829,2074,4476
02-11-2020,248,13,356,-121,37627,31185,2087,4355
03-11-2020,454,25,429,0,38081,31614,2112,4355
04-11-2020,546,16,352,178,38627,31966,2128,4533
05-11-2020,361,14,327,20,38988,32293,2142,4553
06-11-2020,613,12,277,324,39601,32570,2154,4877
07-11-2020,480,27,289,164,40081,32859,2181,5041
08-11-2020,638,8,277,353,40719,33136,2189,5394
09-11-2020,621,13,292,316,41340,33428,2202,5710
10-11-2020,684,15,315,354,42024,33743,2217,6064
11-11-2020,164,15,296,-147,42188,34039,2232,5917
12-11-2020,610,13,340,257,42798,34379,2245,6174
13-11-2020,1360,31,311,1018,44158,34690,2276,7192
14-11-2020,1219,23,242,954,45377,34932,2299,8146
15-11-2020,1042,18,267,757,46419,35199,2317,8903
16-11-2020,600,10,343,247,47019,35542,2327,9150
17-11-2020,544,39,532,-27,47563,36074,2366,9123
18-11-2020,489,18,382,89,48052,36456,2384,9212
19-11-2020,420,8,331,81,48472,36787,2392,9293
20-11-2020,476,8,378,90,48948,37165,2400,9383
21-11-2020,659,16,227,416,49607,37392,2416,9799
22-11-2020,470,19,574,-123,50077,37966,2435,9676
23-11-2020,897,10,275,612,50974,38241,2445,10288
24-11-2020,810,14,284,512,51784,38525,2459,10800
25-11-2020,998,9,309,680,52782,38834,2468,11480
26-11-2020,545,35,260,250,53327,39094,2503,11730
27-11-2020,872,49,368,455,54199,39462,2552,12185
28-11-2020,1007,20,450,537,55206,39912,2572,12722
29-11-2020,1650,73,760,817,56856,40672,2645,13539
30-11-2020,811,12,1287,-488,57667,41959,2657,13051
01-12-2020,730,8,442,280,58397,42401,2665,13331
02-12-2020,937,21,283,633,59334,42684,2686,13964
03-12-2020,772,14,315,443,60106,42999,2700,14407
04-12-2020,891,9,318,564,60997,43317,2709,14971
05-12-2020,760,6,328,426,61757,43645,2715,15397
06-12-2020,527,36,173,318,62284,43818,2751,15715
07-12-2020,594,8,288,298,62878,44106,2759,16013
08-12-2020,770,10,388,372,63648,44494,2769,16385
09-12-2020,735,37,201,497,64383,44695,2806,16882
10-12-2020,818,30,622,166,65201,45317,2836,17048
11-12-2020,786,18,284,484,65987,45601,2854,17532
12-12-2020,890,26,453,411,66877,46054,2880,17943
13-12-2020,696,45,206,445,67573,46260,2925,18388
14-12-2020,737,16,840,-119,68310,47100,2941,18269
15-12-2020,768,22,835,-89,69078,47935,2963,18180
16-12-2020,420,23,826,-429,69498,48761,2986,17751
17-12-2020,624,31,243,350,70122,49004,3017,18101
18-12-2020,354,17,360,-23,70476,49364,3034,18078
19-12-2020,989,24,215,750,71465,49579,3058,18828
20-12-2020,879,67,153,659,72344,49732,3125,19487
21-12-2020,998,79,409,510,73342,50141,3204,19997
22-12-2020,895,37,553,305,74237,50694,3241,20302
23-12-2020,913,2,500,411,75150,51194,3243,20713
24-12-2020,894,46,411,437,76044,51605,3289,21150
25-12-2020,906,90,916,-100,76950,52521,3379,21050
26-12-2020,874,19,434,421,77824,52955,3398,21471
27-12-2020,785,80,567,138,78609,53522,3478,21609
28-12-2020,978,85,606,287,79587,54128,3563,21896
29-12-2020,1056,8,982,66,80643,55110,3571,21962
30-12-2020,952,31,528,393,81595,55638,3602,22355
31-12-2020,940,18,823,99,82535,56461,3620,22454
01-01-2021,900,4,574,322,83435,57035,3624,22776
02-01-2021,971,92,904,-25,84406,57939,3716,22751
03-01-2021,929,65,405,459,85335,58344,3781,23210
04-01-2021,1038,12,731,295,86373,59075,3793,23505
05-01-2021,994,22,1327,-355,87367,60402,3815,23150
06-01-2021,1023,47,1025,-49,88390,61427,3862,23101
07-01-2021,996,46,699,251,89386,62126,3908,23352
08-01-2021,1072,58,820,194,90458,62946,3966,23546
09-01-2021,1034,23,271,740,91492,63217,3989,24286
10-01-2021,1046,17,138,891,92538,63355,4006,25177
11-01-2021,1051,31,790,230,93589,64145,4037,25407
12-01-2021,1326,100,1295,-69,94915,65440,4137,25338
13-01-2021,1474,95,736,643,96389,66176,4232,25981
14-01-2021,1500,88,1005,407,97889,67181,4320,26388
15-01-2021,1995,32,859,1104,99884,68040,4352,27492
16-01-2021,1995,44,755,1196,101879,68795,4396,28688
17-01-2021,1852,41,120,1691,103731,68915,4437,30379
18-01-2021,1559,85,1061,413,105290,69976,4522,30792
19-01-2021,1618,106,673,839,106908,70649,4628,31631
20-01-2021,1775,30,528,1217,108683,71177,4658,32848
21-01-2021,1976,101,1114,761,110659,72291,4759,33609
22-01-2021,1801,36,625,1140,112460,72916,4795,34749
23-01-2021,1873,8,479,1386,114333,73395,4803,36135
24-01-2021,1515,5,289,1221,115848,73684,4808,37356
25-01-2021,1519,126,2161,-768,117367,75845,4934,36588
26-01-2021,1680,118,1582,-20,119047,77427,5052,36568
27-01-2021,1798,112,1554,132,120845,78981,5164,36700
28-01-2021,1506,85,893,528,122351,79874,5249,37228
29-01-2021,1495,25,374,1096,123846,80248,5274,38324
30-01-2021,1240,24,309,907,125086,80557,5298,39231
31-01-2021,1116,27,176,913,126202,80733,5325,40144
01-02-2021,975,137,1977,-1139,127177,82710,5462,39005
02-02-2021,1119,63,1374,-318,128296,84084,5525,38687
03-02-2021,1788,23,990,775,130084,85074,5548,39462
04-02-2021,1776,87,781,908,131860,85855,5635,40370
05-02-2021,1888,20,511,1357,133748,86366,5655,41727
06-02-2021,1601,16,115,1470,135349,86481,5671,43197
07-02-2021,1062,15,78,969,136411,86559,5686,44166
08-02-2021,826,9,1041,-224,137237,87600,5695,43942
09-02-2021,949,50,662,237,138186,88262,5745,44179
10-02-2021,1221,9,1312,-100,139407,89574,5754,44079
11-02-2021,985,24,748,213,140392,90322,5778,44292
12-02-2021,663,23,150,490,141055,90472,5801,44782
13-02-2021,761,116,537,108,141816,91009,5917,44890
14-02-2021,478,71,49,358,142294,91058,5988,45248
15-02-2021,880,40,226,614,143174,91284,6028,45862
16-02-2021,1103,38,14,1051,144277,91298,6066,46913
17-02-2021,868,6,60,802,145145,91358,6072,47715
18-02-2021,676,9,489,178,145821,91847,6081,47893
19-02-2021,1205,36,691,478,147026,92538,6117,48371
20-02-2021,806,18,489,299,147832,93027,6135,48670
21-02-2021,484,12,226,246,148316,93253,6147,48916
22-02-2021,1048,41,1141,-134,149364,94394,6188,48782
23-02-2021,830,144,645,41,150194,95039,6332,48823
24-02-2021,1263,78,571,614,151457,95610,6410,49437
25-02-2021,825,69,1221,-465,152282,96831,6479,48972
26-02-2021,659,133,1107,-581,152941,97938,6612,48391
27-02-2021,633,69,2494,-1930,153574,100432,6681,46461
28-02-2021,310,16,2701,-2407,153884,103133,6697,44054
01-03-2021,659,24,883,-248,154543,104016,6721,43806
02-03-2021,985,36,812,137,155528,104828,6757,43943
03-03-2021,473,27,1312,-866,156001,106140,6784,43077
04-03-2021,593,19,692,-118,156594,106832,6803,42959
05-03-2021,873,17,284,572,157467,107116,6820,43531
06-03-2021,587,8,47,532,158054,107163,6828,44063
07-03-2021,394,2,572,-180,158448,107735,6830,43883
08-03-2021,871,85,2346,-1560,159319,110081,6915,42323
09-03-2021,900,52,1860,-1012,160219,111941,6967,41311
10-03-2021,304,32,641,-369,160523,112582,6999,40942
11-03-2021,253,13,329,-89,160776,112911,7012,40853
12-03-2021,497,32,755,-290,161273,113666,7044,40563
13-03-2021,156,11,262,-117,161429,113928,7055,40446
14-03-2021,144,3,106,35,161573,114034,7058,40481
15-03-2021,657,20,561,76,162230,114595,7078,40557
16-03-2021,563,41,1389,-867,162793,115984,7119,39690
17-03-2021,598,43,732,-177,163391,116716,7162,39513
18-03-2021,659,67,948,-356,164050,117664,7229,39157
19-03-2021,611,48,842,-279,164661,118506,7277,38878
20-03-2021,221,9,302,-90,164882,118808,7286,38788
21-03-2021,102,4,102,-4,164984,118910,7290,38784
22-03-2021,740,21,1714,-995,165724,120624,7311,37789
23-03-2021,734,23,1095,-384,166458,121719,7334,37405
24-03-2021,403,27,1156,-780,166861,122875,7361,36625
25-03-2021,438,18,568,-148,167299,123443,7379,36477
26-03-2021,267,8,545,-286,167566,123988,7387,36191
27-03-2021,141,9,87,45,167707,124075,7396,36236
28-03-2021,101,1,1,99,167808,124076,7397,36335
29-03-2021,390,37,870,-517,168198,124946,7434,35818
30-03-2021,650,17,1108,-475,168848,126054,7451,35343
31-03-2021,497,10,657,-170,169345,126711,7461,35173
01-04-2021,670,14,812,-156,170015,127523,7475,35017
02-04-2021,235,10,138,87,170250,127661,7485,35104
03-04-2021,270,3,80,187,170520,127741,7488,35291
04-04-2021,198,46,13,139,170718,127754,7534,35430
05-04-2021,499,51,2016,-1568,171217,129770,7585,33862
06-04-2021,594,3,804,-213,171811,130574,7588,33649
07-04-2021,535,9,2274,-1748,172346,132848,7597,31901
08-04-2021,798,38,2682,-1922,173144,135530,7635,29979
09-04-2021,570,27,2752,-2209,173714,138282,7662,27770
10-04-2021,281,0,292,-11,173995,138574,7662,27759
11-04-2021,206,22,359,-175,174201,138933,7684,27584
12-04-2021,741,14,1253,-526,174942,140186,7698,27058
13-04-2021,860,15,2018,-1173,175802,142204,7713,25885
14-04-2021,717,21,1745,-1049,176519,143949,7734,24836
15-04-2021,840,36,2096,-1292,177359,146045,7770,23544
16-04-2021,669,28,1851,-1210,178028,147896,7798,22334
17-04-2021,520,2,1782,-1264,178548,149678,7800,21070
18-04-2021,398,8,1334,-944,178946,151012,7808,20126
19-04-2021,683,16,1848,-1181,179629,152860,7824,18945
20-04-2021,686,68,2312,-1694,180315,155172,7892,17251
21-04-2021,675,81,2042,-1448,180990,157214,7973,15803
22-04-2021,605,37,1655,-1087,181595,158869,8010,14716
23-04-2021,376,45,1531,-1200,181971,160400,8055,13516
24-04-2021,319,54,615,-350,182290,161015,8109,13166
25-04-2021,247,0,310,-63,182537,161325,8109,13103
26-04-2021,646,53,488,105,183183,161813,8162,13208
27-04-2021,356,41,635,-320,183539,162448,8203,12888
28-04-2021,227,57,635,-465,183766,163083,8260,12423
29-04-2021,585,74,1411,-900,184351,164494,8334,11523
30-04-2021,405,73,939,-607,184756,165433,8407,10916
01-05-2021,202,20,231,-49,184958,165664,8427,10867
02-05-2021,178,18,80,80,185136,165744,8445,10947
03-05-2021,540,32,598,-90,185676,166342,8477,10857
04-05-2021,382,27,659,-304,186058,167001,8504,10553
05-05-2021,544,59,586,-101,186602,167587,8563,10452
06-05-2021,372,13,403,-44,186974,167990,8576,10408
07-05-2021,535,12,763,-240,187509,168753,8588,10168
08-05-2021,138,54,408,-324,187647,169161,8642,9844
09-05-2021,139,41,445,-347,187786,169606,8683,9497
10-05-2021,857,76,739,42,188643,170345,8759,9539
11-05-2021,546,80,773,-307,189189,171118,8839,9232
12-05-2021,116,24,289,-197,189305,171407,8863,9035
13-05-2021,480,2,1143,-665,189785,172550,8865,8370
14-05-2021,165,21,442,-298,189950,172992,8886,8072
15-05-2021,251,35,425,-209,190201,173417,8921,7863
16-05-2021,349,16,392,-59,190550,173809,8937,7804
17-05-2021,689,43,899,-253,191239,174708,8980,7551
18-05-2021,575,16,631,-72,191814,175339,8996,7479
19-05-2021,415,53,182,180,192229,175521,9049,7659
20-05-2021,576,68,422,86,192805,175943,9117,7745
21-05-2021,672,44,159,469,193477,176102,9161,8214
22-05-2021,514,32,117,365,193991,176219,9193,8579
23-05-2021,367,21,254,92,194358,176473,9214,8671
24-05-2021,933,14,877,42,195291,177350,9228,8713
25-05-2021,712,28,332,352,196003,177682,9256,9065
26-05-2021,550,23,247,280,196553,177929,9279,9345
27-05-2021,713,5,237,471,197266,178166,9284,9816
28-05-2021,686,46,632,8,197952,178798,9330,9824
29-05-2021,1079,21,651,407,199031,179449,9351,10231
30-05-2021,1019,9,271,739,200050,179720,9360,10970
31-05-2021,921,22,574,325,200971,180294,9382,11295
01-06-2021,866,23,121,722,201837,180415,9405,12017
02-06-2021,803,42,160,601,202640,180575,9447,12618
03-06-2021,747,29,452,266,203387,181027,9476,12884
04-06-2021,955,53,572,330,204342,181599,9529,13214
05-06-2021,1090,19,116,955,205432,181715,9548,14169
06-06-2021,886,41,395,450,206318,182110,9589,14619
07-06-2021,1596,28,1217,351,207914,183327,9617,14970
08-06-2021,1606,33,677,896,209520,184004,9650,15866
09-06-2021,1588,16,938,634,211108,184942,9666,16500
10-06-2021,1718,60,592,1066,212826,185534,9726,17566
11-06-2021,1235,37,814,384,214061,186348,9763,17950
12-06-2021,1035,39,181,815,215096,186529,9802,18765
13-06-2021,2686,9,172,2505,217782,186701,9811,21270
14-06-2021,1849,57,663,1129,219631,187364,9868,22399
15-06-2021,2192,20,886,1286,221823,188250,9888,23685
16-06-2021,1820,23,576,1221,223643,188826,9911,24906
17-06-2021,1909,59,991,859,225552,189817,9970,25765
18-06-2021,1636,53,772,811,227188,190589,10023,26576
19-06-2021,2093,40,242,1811,229281,190831,10063,28387
20-06-2021,1955,89,160,1706,231236,190991,10152,30093
21-06-2021,3390,48,2204,1138,234626,193195,10200,31231
22-06-2021,2419,75,1652,692,237045,194847,10275,31923
23-06-2021,2326,53,2026,247,239371,196873,10328,32170
24-06-2021,3062,81,2253,728,242433,199126,10409,32898
25-06-2021,1651,119,1938,-406,244084,201064,10528,32492
26-06-2021,1888,59,574,1255,245972,201638,10587,33747
27-06-2021,1815,97,443,1275,247787,202081,10684,35022
28-06-2021,1810,72,1563,175,249597,203644,10756,35197
29-06-2021,2922,94,1517,1311,252519,205161,10850,36508
30-06-2021,2528,84,1966,478,255047,207127,10934,36986
01-07-2021,2776,180,1727,869,257823,208854,11114,37855
02-07-2021,2701,220,1193,1288,260524,210047,11334,39143
03-07-2021,3440,235,1498,1707,263964,211545,11569,40850
04-07-2021,3050,93,997,1960,267014,212542,11662,42810
05-07-2021,3375,140,1579,1656,270389,214121,11802,44466
06-07-2021,3836,230,1732,1874,274225,215853,12032,46340
07-07-2021,3953,368,2772,813,278178,218625,12400,47153
08-07-2021,4228,247,2258,1723,282406,220883,12647,48876
09-07-2021,4603,200,3044,1359,287009,223927,12847,50235
10-07-2021,3755,163,1541,2051,290764,225468,13010,52286
11-07-2021,2349,157,2522,-330,293113,227990,13167,51956
12-07-2021,2870,197,2669,4,295983,230659,13364,51960
13-07-2021,3375,171,2406,798,299358,233065,13535,52758
14-07-2021,4939,244,2730,1965,304297,235795,13779,54723
15-07-2021,4295,248,2223,1824,308592,238018,14027,56547
16-07-2021,4234,271,2744,1219,312826,240762,14298,57766
17-07-2021,5015,248,1679,3088,317841,242441,14546,60854
18-07-2021,4522,178,3440,904,322363,245881,14724,61758
19-07-2021,4113,272,3649,192,326476,249530,14996,61950
20-07-2021,3419,268,4085,-934,329895,253615,15264,61016
21-07-2021,4296,385,3948,-37,334191,257563,15649,60979
22-07-2021,5389,379,6002,-992,339580,263565,16028,59987
23-07-2021,4413,434,3919,60,343993,267484,16462,60047
24-07-2021,5453,332,3968,1153,349446,271452,16794,61200
25-07-2021,5657,264,3368,2025,355103,274820,17058,63225
26-07-2021,3985,295,4702,-1012,359088,279522,17353,62213
27-07-2021,5072,412,4624,36,364160,284146,17765,62249
28-07-2021,6663,398,4468,1797,370823,288614,18163,64046
29-07-2021,4209,544,6021,-2356,375032,294635,18707,61690
30-07-2021,4441,341,4677,-577,379473,299312,19048,61113
31-07-2021,4716,314,4480,-78,384189,303792,19362,61035
01-08-2021,4034,419,4356,-741,388223,308148,19781,60294
02-08-2021,2651,296,3279,-924,390874,311427,20077,59370
03-08-2021,4115,383,3821,-89,394989,315248,20460,59281
04-08-2021,3916,537,5980,-2601,398905,321228,20997,56680
05-08-2021,4036,498,7649,-4111,402941,328877,21495,52569
06-08-2021,2690,435,7979,-5724,405631,336856,21930,46845
07-08-2021,4640,381,4847,-588,410271,341703,22311,46257
08-08-2021,4692,250,5359,-917,414963,347062,22561,45340
09-08-2021,4203,410,6416,-2623,419166,353478,22971,42717
10-08-2021,4564,484,6047,-1967,423730,359525,23455,40750
11-08-2021,4981,344,6954,-2317,428711,366479,23799,38433
12-08-2021,5299,400,7622,-2723,434010,374101,24199,35710
13-08-2021,4220,472,3659,89,438230,377760,24671,35799
14-08-2021,4561,375,5220,-1034,442791,382980,25046,34765
15-08-2021,4142,309,4115,-282,446933,387095,25355,34483
16-08-2021,3802,373,3987,-558,450735,391082,25728,33925
17-08-2021,3264,306,4800,-1842,453999,395882,26034,32083
18-08-2021,3074,292,3981,-1199,457073,399863,26326,30884
19-08-2021,1438,402,1773,-737,458511,401636,26728,30147
20-08-2021,1439,339,1317,-217,459950,402953,27067,29930
21-08-2021,1244,315,1553,-624,461194,404506,27382,29306
22-08-2021,820,317,1389,-886,462014,405895,27699,28420
23-08-2021,798,96,1025,-323,462812,406920,27795,28097
24-08-2021,1246,115,958,173,464058,407878,27910,28270
25-08-2021,817,102,1523,-808,464875,409401,28012,27462
26-08-2021,812,76,1209,-473,465687,410610,28088,26989
27-08-2021,1068,47,1043,-22,466755,411653,28135,26967
28-08-2021,750,54,683,13,467505,412336,28189,26980
29-08-2021,518,39,1267,-788,468023,413603,28228,26192
30-08-2021,508,42,941,-475,468531,414544,28270,25717
31-08-2021,637,31,1100,-494,469168,415644,28301,25223
01-09-2021,958,164,1141,-347,470126,416785,28465,24876
02-09-2021,1134,207,5036,-4109,471260,421821,28672,20767
03-09-2021,727,122,1358,-753,471987,423179,28794,20014
04-09-2021,512,73,490,-51,472499,423669,28867,19963
05-09-2021,625,90,1080,-545,473124,424749,28957,19418
06-09-2021,751,71,1001,-321,473875,425750,29028,19097
07-09-2021,964,116,1115,-267,474839,426865,29144,18830
08-09-2021,710,145,1015,-450,475549,427880,29289,18380
09-09-2021,534,78,669,-213,476083,428549,29367,18167
