tanggal,KASUS,MENINGGAL,SEMBUH,DIRAWAT_OR_ISOLASI,AKUMULASI_KASUS,AKUMULASI_SEMBUH,AKUMULASI_MENINGGAL,AKUMULASI_DIRAWAT_OR_ISOLASI
30-03-2020,5,0,0,5,5,0,0,5
31-03-2020,2,0,0,2,7,0,0,7
01-04-2020,0,0,0,0,7,0,0,7
02-04-2020,0,0,0,0,7,0,0,7
03-04-2020,0,0,0,0,7,0,0,7
04-04-2020,0,0,0,0,7,0,0,7
05-04-2020,8,1,0,7,15,0,1,14
06-04-2020,2,0,0,2,17,0,1,16
07-04-2020,0,2,0,-2,17,0,3,14
08-04-2020,4,0,1,3,21,1,3,17
09-04-2020,0,1,2,-3,21,3,4,14
10-04-2020,7,0,0,7,28,3,4,21
11-04-2020,0,1,0,-1,28,3,5,20
12-04-2020,5,0,0,5,33,3,5,25
13-04-2020,1,0,1,0,34,4,5,25
14-04-2020,3,2,0,1,37,4,7,26
15-04-2020,12,0,1,11,49,5,7,37
16-04-2020,9,0,4,5,58,9,7,42
17-04-2020,15,0,0,15,73,9,7,57
18-04-2020,18,0,1,17,91,10,7,74
19-04-2020,4,0,0,4,95,10,7,78
20-04-2020,0,0,0,0,95,10,7,78
21-04-2020,2,0,1,1,97,11,7,79
22-04-2020,10,0,0,10,107,11,7,89
23-04-2020,7,1,0,6,114,11,8,95
24-04-2020,18,0,0,18,132,11,8,113
25-04-2020,14,0,4,10,146,15,8,123
26-04-2020,0,0,1,-1,146,16,8,122
27-04-2020,4,0,0,4,150,16,8,126
28-04-2020,0,1,4,-5,150,20,9,121
29-04-2020,7,0,0,7,157,20,9,128
30-04-2020,13,0,0,13,170,20,9,141
01-05-2020,9,0,4,5,179,24,9,146
02-05-2020,0,0,0,0,179,24,9,146
03-05-2020,16,0,0,16,195,24,9,162
04-05-2020,3,0,0,3,198,24,9,165
05-05-2020,14,0,0,14,212,24,9,179
06-05-2020,13,0,0,13,225,24,9,192
07-05-2020,13,0,0,13,238,24,9,205
08-05-2020,8,0,0,8,246,24,9,213
09-05-2020,7,0,0,7,253,24,9,220
10-05-2020,7,0,0,7,260,24,9,227
11-05-2020,0,0,0,0,260,24,9,227
12-05-2020,14,0,0,14,274,24,9,241
13-05-2020,13,0,0,13,287,24,9,254
14-05-2020,2,0,0,2,289,24,9,256
15-05-2020,67,27,0,40,356,24,36,296
16-05-2020,7,0,50,-43,363,74,36,253
17-05-2020,2,8,0,-6,365,74,44,247
18-05-2020,71,2,0,69,436,74,46,316
19-05-2020,46,5,3,38,482,77,51,354
20-05-2020,59,4,0,55,541,77,55,409
21-05-2020,8,4,1,3,549,78,59,412
22-05-2020,21,0,0,21,570,78,59,433
23-05-2020,18,2,0,16,588,78,61,449
24-05-2020,9,2,3,4,597,81,63,453
25-05-2020,3,2,0,1,600,81,65,454
26-05-2020,28,8,0,20,628,81,73,474
27-05-2020,73,0,0,73,701,81,73,547
28-05-2020,114,1,2,111,815,83,74,658
29-05-2020,73,5,15,53,888,98,79,711
30-05-2020,3,0,2,1,891,100,79,712
31-05-2020,26,6,0,20,917,100,85,732
01-06-2020,29,1,0,28,946,100,86,760
02-06-2020,21,3,2,16,967,102,89,776
03-06-2020,64,3,0,61,1031,102,92,837
04-06-2020,109,0,3,106,1140,105,92,943
05-06-2020,71,2,0,69,1211,105,94,1012
06-06-2020,33,2,4,27,1244,109,96,1039
07-06-2020,38,3,0,35,1282,109,99,1074
08-06-2020,62,0,9,53,1344,118,99,1127
09-06-2020,91,8,1,82,1435,119,107,1209
10-06-2020,127,4,10,113,1562,129,111,1322
11-06-2020,70,4,36,30,1632,165,115,1352
12-06-2020,60,3,15,42,1692,180,118,1394
13-06-2020,123,6,22,95,1815,202,124,1489
14-06-2020,70,6,29,35,1885,231,130,1524
15-06-2020,66,4,16,46,1951,247,134,1570
16-06-2020,169,6,6,157,2120,253,140,1727
17-06-2020,87,9,79,-1,2207,332,149,1726
18-06-2020,118,2,14,102,2325,346,151,1828
19-06-2020,66,3,14,49,2391,360,154,1877
20-06-2020,84,10,25,49,2475,385,164,1926
21-06-2020,94,2,10,82,2569,395,166,2008
22-06-2020,89,0,10,79,2658,405,166,2087
23-06-2020,27,1,28,-2,2685,433,167,2085
24-06-2020,90,7,15,68,2775,448,174,2153
25-06-2020,59,3,86,-30,2834,534,177,2123
26-06-2020,41,0,15,26,2875,549,177,2149
27-06-2020,54,4,94,-44,2929,643,181,2105
28-06-2020,73,4,80,-11,3002,723,185,2094
29-06-2020,38,3,5,30,3040,728,188,2124
30-06-2020,108,1,38,69,3148,766,189,2193
01-07-2020,75,0,23,52,3223,789,189,2245
02-07-2020,113,5,51,57,3336,840,194,2302
03-07-2020,110,3,28,79,3446,868,197,2381
04-07-2020,73,2,42,29,3519,910,199,2410
05-07-2020,44,2,32,10,3563,942,201,2420
06-07-2020,64,3,15,46,3627,957,204,2466
07-07-2020,67,1,107,-41,3694,1064,205,2425
08-07-2020,123,3,62,58,3817,1126,208,2483
09-07-2020,106,2,22,82,3923,1148,210,2565
10-07-2020,66,0,55,11,3989,1203,210,2576
11-07-2020,79,5,75,-1,4068,1278,215,2575
12-07-2020,77,5,107,-35,4145,1385,220,2540
13-07-2020,73,3,24,46,4218,1409,223,2586
14-07-2020,161,2,54,105,4379,1463,225,2691
15-07-2020,109,8,41,60,4488,1504,233,2751
16-07-2020,133,2,66,65,4621,1570,235,2816
17-07-2020,101,7,42,52,4722,1612,242,2868
18-07-2020,107,3,88,16,4829,1700,245,2884
19-07-2020,110,5,30,75,4939,1730,250,2959
20-07-2020,52,6,99,-53,4991,1829,256,2906
21-07-2020,92,5,191,-104,5083,2020,261,2802
22-07-2020,133,1,134,-2,5216,2154,262,2800
23-07-2020,116,0,115,1,5332,2269,262,2801
24-07-2020,90,3,271,-184,5422,2540,265,2617
25-07-2020,118,5,178,-65,5540,2718,270,2552
26-07-2020,115,2,131,-18,5655,2849,272,2534
27-07-2020,33,3,67,-37,5688,2916,275,2497
28-07-2020,94,4,157,-67,5782,3073,279,2430
29-07-2020,101,8,71,22,5883,3144,287,2452
30-07-2020,87,1,155,-69,5970,3299,288,2383
31-07-2020,128,6,68,54,6098,3367,294,2437
01-08-2020,62,0,82,-20,6160,3449,294,2417
02-08-2020,32,0,18,14,6192,3467,294,2431
03-08-2020,46,2,92,-48,6238,3559,296,2383
04-08-2020,119,1,50,68,6357,3609,297,2451
05-08-2020,54,0,95,-41,6411,3704,297,2410
06-08-2020,67,0,25,42,6478,3729,297,2452
07-08-2020,57,3,121,-67,6535,3850,300,2385
08-08-2020,82,2,42,38,6617,3892,302,2423
09-08-2020,98,3,133,-38,6715,4025,305,2385
10-08-2020,50,1,28,21,6765,4053,306,2406
11-08-2020,71,1,82,-12,6836,4135,307,2394
12-08-2020,53,2,86,-35,6889,4221,309,2359
13-08-2020,45,4,26,15,6934,4247,313,2374
14-08-2020,55,2,57,-4,6989,4304,315,2370
15-08-2020,62,3,36,23,7051,4340,318,2393
16-08-2020,100,0,83,17,7151,4423,318,2410
17-08-2020,90,6,126,-42,7241,4549,324,2368
18-08-2020,40,0,40,0,7281,4589,324,2368
19-08-2020,82,1,136,-55,7363,4725,325,2313
20-08-2020,181,0,74,107,7544,4799,325,2420
21-08-2020,74,2,275,-203,7618,5074,327,2217
22-08-2020,78,3,230,-155,7696,5304,330,2062
23-08-2020,81,2,77,2,7777,5381,332,2064
24-08-2020,61,2,47,12,7838,5428,334,2076
25-08-2020,82,4,66,12,7920,5494,338,2088
26-08-2020,54,2,141,-89,7974,5635,340,1999
27-08-2020,39,2,184,-147,8013,5819,342,1852
28-08-2020,68,5,180,-117,8081,5999,347,1735
29-08-2020,111,3,149,-41,8192,6148,350,1694
30-08-2020,64,2,96,-34,8256,6244,352,1660
31-08-2020,32,1,42,-11,8288,6286,353,1649
01-09-2020,69,1,102,-34,8357,6388,354,1615
02-09-2020,59,4,105,-50,8416,6493,358,1565
03-09-2020,111,4,139,-32,8527,6632,362,1533
04-09-2020,49,0,37,12,8576,6669,362,1545
05-09-2020,81,6,37,38,8657,6706,368,1583
06-09-2020,103,1,95,7,8760,6801,369,1590
07-09-2020,77,2,49,26,8837,6850,371,1616
08-09-2020,66,1,38,27,8903,6888,372,1643
09-09-2020,99,1,106,-8,9002,6994,373,1635
10-09-2020,77,6,138,-67,9079,7132,379,1568
11-09-2020,73,1,101,-29,9152,7233,380,1539
12-09-2020,96,5,84,7,9248,7317,385,1546
13-09-2020,33,0,78,-45,9281,7395,385,1501
14-09-2020,141,3,78,60,9422,7473,388,1561
15-09-2020,77,1,56,20,9499,7529,389,1581
16-09-2020,11,2,58,-49,9510,7587,391,1532
17-09-2020,36,0,37,-1,9546,7624,391,1531
18-09-2020,25,2,199,-176,9571,7823,393,1355
19-09-2020,76,2,247,-173,9647,8070,395,1182
20-09-2020,87,3,59,25,9734,8129,398,1207
21-09-2020,82,2,96,-16,9816,8225,400,1191
22-09-2020,85,0,40,45,9901,8265,400,1236
23-09-2020,82,3,104,-25,9983,8369,403,1211
24-09-2020,63,1,81,-19,10046,8450,404,1192
25-09-2020,33,4,51,-22,10079,8501,408,1170
26-09-2020,40,2,16,22,10119,8517,410,1192
27-09-2020,77,1,75,1,10196,8592,411,1193
28-09-2020,40,5,89,-54,10236,8681,416,1139
29-09-2020,53,2,64,-13,10289,8745,418,1126
30-09-2020,59,2,38,19,10348,8783,420,1145
01-10-2020,55,0,73,-18,10403,8856,420,1127
02-10-2020,75,4,63,8,10478,8919,424,1135
03-10-2020,84,2,71,11,10562,8990,426,1146
04-10-2020,59,1,97,-39,10621,9087,427,1107
05-10-2020,44,1,32,11,10665,9119,428,1118
06-10-2020,73,3,107,-37,10738,9226,431,1081
07-10-2020,40,1,68,-29,10778,9294,432,1052
08-10-2020,42,5,69,-32,10820,9363,437,1020
09-10-2020,81,1,142,-62,10901,9505,438,958
10-10-2020,53,1,22,30,10954,9527,439,988
11-10-2020,75,1,79,-5,11029,9606,440,983
12-10-2020,27,1,45,-19,11056,9651,441,964
13-10-2020,77,1,111,-35,11133,9762,442,929
14-10-2020,55,3,54,-2,11188,9816,445,927
15-10-2020,76,1,59,16,11264,9875,446,943
16-10-2020,68,2,43,23,11332,9918,448,966
17-10-2020,71,2,66,3,11403,9984,450,969
18-10-2020,39,2,58,-21,11442,10042,452,948
19-10-2020,8,2,33,-27,11450,10075,454,921
20-10-2020,42,2,42,-2,11492,10117,456,919
21-10-2020,19,3,37,-21,11511,10154,459,898
22-10-2020,28,3,42,-17,11539,10196,462,881
23-10-2020,48,3,80,-35,11587,10276,465,846
24-10-2020,46,3,99,-56,11633,10375,468,790
25-10-2020,19,3,52,-36,11652,10427,471,754
26-10-2020,2,2,56,-56,11654,10483,473,698
27-10-2020,12,3,32,-23,11666,10515,476,675
28-10-2020,69,2,80,-13,11735,10595,478,662
29-10-2020,32,2,43,-13,11767,10638,480,649
30-10-2020,44,1,59,-16,11811,10697,481,633
31-10-2020,48,3,78,-33,11859,10775,484,600
01-11-2020,25,2,75,-52,11884,10850,486,548
02-11-2020,12,0,25,-13,11896,10875,486,535
03-11-2020,16,1,53,-38,11912,10928,487,497
04-11-2020,22,0,41,-19,11934,10969,487,478
05-11-2020,94,1,27,66,12028,10996,488,544
06-11-2020,59,2,45,12,12087,11041,490,556
07-11-2020,43,2,15,26,12130,11056,492,582
08-11-2020,46,2,16,28,12176,11072,494,610
09-11-2020,12,1,8,3,12188,11080,495,613
10-11-2020,59,0,43,16,12247,11123,495,629
11-11-2020,68,2,61,5,12315,11184,497,634
12-11-2020,50,2,28,20,12365,11212,499,654
13-11-2020,0,0,25,-25,12365,11237,499,629
14-11-2020,0,1,90,-91,12365,11327,500,538
15-11-2020,0,0,35,-35,12365,11362,500,503
16-11-2020,0,0,33,-33,12365,11395,500,470
17-11-2020,0,0,166,-166,12365,11561,500,304
18-11-2020,83,1,2,80,12448,11563,501,384
19-11-2020,40,3,2,35,12488,11565,504,419
20-11-2020,58,2,1,55,12546,11566,506,474
21-11-2020,89,1,0,88,12635,11566,507,562
22-11-2020,75,3,0,72,12710,11566,510,634
23-11-2020,11,0,6,5,12721,11572,510,639
24-11-2020,21,2,13,6,12742,11585,512,645
25-11-2020,64,0,21,43,12806,11606,512,688
26-11-2020,49,3,10,36,12855,11616,515,724
27-11-2020,44,1,19,24,12899,11635,516,748
28-11-2020,56,1,13,42,12955,11648,517,790
29-11-2020,40,3,14,23,12995,11662,520,813
30-11-2020,12,1,32,-21,13007,11694,521,792
01-12-2020,82,4,35,43,13089,11729,525,835
02-12-2020,33,1,64,-32,13122,11793,526,803
03-12-2020,54,2,8,44,13176,11801,528,847
04-12-2020,71,2,83,-14,13247,11884,530,833
05-12-2020,96,0,13,83,13343,11897,530,916
06-12-2020,70,1,26,43,13413,11923,531,959
07-12-2020,28,1,10,17,13441,11933,532,976
08-12-2020,62,1,28,33,13503,11961,533,1009
09-12-2020,83,3,192,-112,13586,12153,536,897
10-12-2020,46,2,82,-38,13632,12235,538,859
11-12-2020,56,5,48,3,13688,12283,543,862
12-12-2020,91,2,108,-19,13779,12391,545,843
13-12-2020,104,1,53,50,13883,12444,546,893
14-12-2020,48,1,60,-13,13931,12504,547,880
15-12-2020,48,2,67,-21,13979,12571,549,859
16-12-2020,72,0,66,6,14051,12637,549,865
17-12-2020,95,0,92,3,14146,12729,549,868
18-12-2020,82,1,123,-42,14228,12852,550,826
19-12-2020,78,5,101,-28,14306,12953,555,798
20-12-2020,88,2,41,45,14394,12994,557,843
21-12-2020,43,3,25,15,14437,13019,560,858
22-12-2020,66,2,32,32,14503,13051,562,890
23-12-2020,90,2,39,49,14593,13090,564,939
24-12-2020,95,3,33,59,14688,13123,567,998
25-12-2020,93,0,75,18,14781,13198,567,1016
26-12-2020,63,0,92,-29,14844,13290,567,987
27-12-2020,45,2,35,8,14889,13325,569,995
28-12-2020,21,0,40,-19,14910,13365,569,976
29-12-2020,61,3,98,-40,14971,13463,572,936
30-12-2020,74,2,72,0,15045,13535,574,936
31-12-2020,66,4,82,-20,15111,13617,578,916
01-01-2021,99,0,61,38,15210,13678,578,954
02-01-2021,17,2,45,-30,15227,13723,580,924
03-01-2021,71,1,80,-10,15298,13803,581,914
04-01-2021,20,2,69,-51,15318,13872,583,863
05-01-2021,81,1,59,21,15399,13931,584,884
06-01-2021,88,2,58,28,15487,13989,586,912
07-01-2021,93,0,47,46,15580,14036,586,958
08-01-2021,89,1,46,42,15669,14082,587,1000
09-01-2021,98,1,61,36,15767,14143,588,1036
10-01-2021,120,3,44,73,15887,14187,591,1109
11-01-2021,114,2,59,53,16001,14246,593,1162
12-01-2021,34,1,91,-58,16035,14337,594,1104
13-01-2021,69,2,37,30,16104,14374,596,1134
14-01-2021,101,2,75,24,16205,14449,598,1158
15-01-2021,107,1,77,29,16312,14526,599,1187
16-01-2021,108,3,76,29,16420,14602,602,1216
17-01-2021,112,2,62,48,16532,14664,604,1264
18-01-2021,13,3,82,-72,16545,14746,607,1192
19-01-2021,68,2,42,24,16613,14788,609,1216
20-01-2021,32,1,44,-13,16645,14832,610,1203
21-01-2021,106,2,77,27,16751,14909,612,1230
22-01-2021,107,3,93,11,16858,15002,615,1241
23-01-2021,137,2,105,30,16995,15107,617,1271
24-01-2021,120,2,87,31,17115,15194,619,1302
25-01-2021,133,2,138,-7,17248,15332,621,1295
26-01-2021,97,5,75,17,17345,15407,626,1312
27-01-2021,62,3,101,-42,17407,15508,629,1270
28-01-2021,103,1,49,53,17510,15557,630,1323
29-01-2021,120,3,100,17,17630,15657,633,1340
30-01-2021,130,2,42,86,17760,15699,635,1426
31-01-2021,124,3,88,33,17884,15787,638,1459
01-02-2021,74,3,58,13,17958,15845,641,1472
02-02-2021,87,2,64,21,18045,15909,643,1493
03-02-2021,104,2,45,57,18149,15954,645,1550
04-02-2021,111,5,138,-32,18260,16092,650,1518
05-02-2021,128,2,63,63,18388,16155,652,1581
06-02-2021,140,4,154,-18,18528,16309,656,1563
07-02-2021,117,3,56,58,18645,16365,659,1621
08-02-2021,80,2,34,44,18725,16399,661,1665
09-02-2021,115,3,181,-69,18840,16580,664,1596
10-02-2021,145,2,190,-47,18985,16770,666,1549
11-02-2021,139,2,108,29,19124,16878,668,1578
12-02-2021,136,3,65,68,19260,16943,671,1646
13-02-2021,144,0,120,24,19404,17063,671,1670
14-02-2021,97,5,92,0,19501,17155,676,1670
15-02-2021,146,0,21,125,19647,17176,676,1795
16-02-2021,139,0,52,87,19786,17228,676,1882
17-02-2021,151,1,8,142,19937,17236,677,2024
18-02-2021,120,0,109,11,20057,17345,677,2035
19-02-2021,180,12,211,-43,20237,17556,689,1992
20-02-2021,183,0,382,-199,20420,17938,689,1793
21-02-2021,162,2,153,7,20582,18091,691,1800
22-02-2021,107,7,194,-94,20689,18285,698,1706
23-02-2021,101,1,117,-17,20790,18402,699,1689
24-02-2021,133,3,129,1,20923,18531,702,1690
25-02-2021,179,5,93,81,21102,18624,707,1771
26-02-2021,186,3,294,-111,21288,18918,710,1660
27-02-2021,187,1,128,58,21475,19046,711,1718
28-02-2021,170,3,43,124,21645,19089,714,1842
01-03-2021,206,1,91,114,21851,19180,715,1956
02-03-2021,187,6,102,79,22038,19282,721,2035
03-03-2021,179,2,121,56,22217,19403,723,2091
04-03-2021,167,5,129,33,22384,19532,728,2124
05-03-2021,197,3,242,-48,22581,19774,731,2076
06-03-2021,171,6,83,82,22752,19857,737,2158
07-03-2021,196,2,136,58,22948,19993,739,2216
08-03-2021,160,2,265,-107,23108,20258,741,2109
09-03-2021,126,4,131,-9,23234,20389,745,2100
10-03-2021,112,4,114,-6,23346,20503,749,2094
11-03-2021,196,2,125,69,23542,20628,751,2163
12-03-2021,199,3,72,124,23741,20700,754,2287
13-03-2021,197,3,146,48,23938,20846,757,2335
14-03-2021,204,5,279,-80,24142,21125,762,2255
15-03-2021,175,4,142,29,24317,21267,766,2284
16-03-2021,191,2,266,-77,24508,21533,768,2207
17-03-2021,158,5,130,23,24666,21663,773,2230
18-03-2021,118,4,134,-20,24784,21797,777,2210
19-03-2021,197,4,157,36,24981,21954,781,2246
20-03-2021,215,4,188,23,25196,22142,785,2269
21-03-2021,228,0,116,112,25424,22258,785,2381
22-03-2021,207,4,91,112,25631,22349,789,2493
23-03-2021,140,4,117,19,25771,22466,793,2512
24-03-2021,190,5,363,-178,25961,22829,798,2334
25-03-2021,236,3,110,123,26197,22939,801,2457
26-03-2021,215,3,159,53,26412,23098,804,2510
27-03-2021,267,4,164,99,26679,23262,808,2609
28-03-2021,248,6,196,46,26927,23458,814,2655
29-03-2021,275,6,217,52,27202,23675,820,2707
30-03-2021,221,3,82,136,27423,23757,823,2843
31-03-2021,267,4,83,180,27690,23840,827,3023
01-04-2021,262,4,258,0,27952,24098,831,3023
02-04-2021,283,5,141,137,28235,24239,836,3160
03-04-2021,154,5,220,-71,28389,24459,841,3089
04-04-2021,290,0,258,32,28679,24717,841,3121
05-04-2021,153,2,213,-62,28832,24930,843,3059
06-04-2021,153,5,222,-74,28985,25152,848,2985
07-04-2021,140,3,122,15,29125,25274,851,3000
08-04-2021,301,7,498,-204,29426,25772,858,2796
09-04-2021,281,5,174,102,29707,25946,863,2898
10-04-2021,257,4,225,28,29964,26171,867,2926
11-04-2021,241,0,290,-49,30205,26461,867,2877
12-04-2021,82,4,184,-106,30287,26645,871,2771
13-04-2021,142,5,124,13,30429,26769,876,2784
14-04-2021,256,1,154,101,30685,26923,877,2885
15-04-2021,221,6,237,-22,30906,27160,883,2863
16-04-2021,153,6,215,-68,31059,27375,889,2795
17-04-2021,156,2,287,-133,31215,27662,891,2662
18-04-2021,186,3,142,41,31401,27804,894,2703
19-04-2021,31,2,112,-83,31432,27916,896,2620
20-04-2021,147,4,142,1,31579,28058,900,2621
21-04-2021,95,5,279,-189,31674,28337,905,2432
22-04-2021,206,5,210,-9,31880,28547,910,2423
23-04-2021,197,4,327,-134,32077,28874,914,2289
24-04-2021,173,5,54,114,32250,28928,919,2403
25-04-2021,56,2,62,-8,32306,28990,921,2395
26-04-2021,16,3,212,-199,32322,29202,924,2196
27-04-2021,98,7,130,-39,32420,29332,931,2157
28-04-2021,74,1,97,-24,32494,29429,932,2133
29-04-2021,65,3,59,3,32559,29488,935,2136
30-04-2021,207,0,166,41,32766,29654,935,2177
01-05-2021,88,4,99,-15,32854,29753,939,2162
02-05-2021,12,4,62,-54,32866,29815,943,2108
03-05-2021,34,1,45,-12,32900,29860,944,2096
04-05-2021,56,5,224,-173,32956,30084,949,1923
05-05-2021,108,3,211,-106,33064,30295,952,1817
06-05-2021,64,2,140,-78,33128,30435,954,1739
07-05-2021,144,1,223,-80,33272,30658,955,1659
08-05-2021,108,3,92,13,33380,30750,958,1672
09-05-2021,64,2,129,-67,33444,30879,960,1605
10-05-2021,22,3,63,-44,33466,30942,963,1561
11-05-2021,46,2,114,-70,33512,31056,965,1491
12-05-2021,85,1,458,-374,33597,31514,966,1117
13-05-2021,27,3,100,-76,33624,31614,969,1041
14-05-2021,19,1,39,-21,33643,31653,970,1020
15-05-2021,1,1,44,-44,33644,31697,971,976
16-05-2021,37,4,48,-15,33681,31745,975,961
17-05-2021,25,3,77,-55,33706,31822,978,906
18-05-2021,42,5,76,-39,33748,31898,983,867
19-05-2021,55,3,86,-34,33803,31984,986,833
20-05-2021,81,3,47,31,33884,32031,989,864
21-05-2021,85,2,64,19,33969,32095,991,883
22-05-2021,48,1,27,20,34017,32122,992,903
23-05-2021,73,2,57,14,34090,32179,994,917
24-05-2021,29,2,193,-166,34119,32372,996,751
25-05-2021,43,1,65,-23,34162,32437,997,728
26-05-2021,82,3,25,54,34244,32462,1000,782
27-05-2021,56,2,47,7,34300,32509,1002,789
28-05-2021,68,2,39,27,34368,32548,1004,816
29-05-2021,110,2,42,66,34478,32590,1006,882
30-05-2021,74,2,45,27,34552,32635,1008,909
31-05-2021,15,1,65,-51,34567,32700,1009,858
01-06-2021,43,2,41,0,34610,32741,1011,858
02-06-2021,12,3,32,-23,34622,32773,1014,835
03-06-2021,56,3,42,11,34678,32815,1017,846
04-06-2021,53,3,54,-4,34731,32869,1020,842
05-06-2021,48,0,41,7,34779,32910,1020,849
06-06-2021,72,7,83,-18,34851,32993,1027,831
07-06-2021,9,2,33,-26,34860,33026,1029,805
08-06-2021,17,2,52,-37,34877,33078,1031,768
09-06-2021,28,3,92,-67,34905,33170,1034,701
10-06-2021,102,1,164,-63,35007,33334,1035,638
11-06-2021,34,0,35,-1,35041,33369,1035,637
12-06-2021,23,0,24,-1,35064,33393,1035,636
13-06-2021,29,3,30,-4,35093,33423,1038,632
14-06-2021,13,2,27,-16,35106,33450,1040,616
15-06-2021,21,2,42,-23,35127,33492,1042,593
16-06-2021,57,1,55,1,35184,33547,1043,594
17-06-2021,93,1,36,56,35277,33583,1044,650
18-06-2021,28,0,12,16,35305,33595,1044,666
19-06-2021,48,1,31,16,35353,33626,1045,682
20-06-2021,20,0,50,-30,35373,33676,1045,652
21-06-2021,5,1,29,-25,35378,33705,1046,627
22-06-2021,37,1,21,15,35415,33726,1047,642
23-06-2021,77,1,86,-10,35492,33812,1048,632
24-06-2021,39,3,22,14,35531,33834,1051,646
25-06-2021,56,1,21,34,35587,33855,1052,680
26-06-2021,89,4,31,54,35676,33886,1056,734
27-06-2021,23,0,35,-12,35699,33921,1056,722
28-06-2021,48,3,21,24,35747,33942,1059,746
29-06-2021,55,1,70,-16,35802,34012,1060,730
30-06-2021,82,0,25,57,35884,34037,1060,787
01-07-2021,124,1,44,79,36008,34081,1061,866
02-07-2021,159,4,67,88,36167,34148,1065,954
03-07-2021,77,1,23,53,36244,34171,1066,1007
04-07-2021,208,1,134,73,36452,34305,1067,1080
05-07-2021,22,2,22,-2,36474,34327,1069,1078
06-07-2021,55,5,69,-19,36529,34396,1074,1059
07-07-2021,111,5,36,70,36640,34432,1079,1129
08-07-2021,144,3,82,59,36784,34514,1082,1188
09-07-2021,200,3,73,124,36984,34587,1085,1312
10-07-2021,202,6,52,144,37186,34639,1091,1456
11-07-2021,120,6,35,79,37306,34674,1097,1535
12-07-2021,49,5,64,-20,37355,34738,1102,1515
13-07-2021,307,5,82,220,37662,34820,1107,1735
14-07-2021,393,5,62,326,38055,34882,1112,2061
15-07-2021,493,5,137,351,38548,35019,1117,2412
16-07-2021,345,6,134,205,38893,35153,1123,2617
17-07-2021,644,6,87,551,39537,35240,1129,3168
18-07-2021,299,5,104,190,39836,35344,1134,3358
19-07-2021,248,6,33,209,40084,35377,1140,3567
20-07-2021,495,6,79,410,40579,35456,1146,3977
21-07-2021,229,10,165,54,40808,35621,1156,4031
22-07-2021,650,6,149,495,41458,35770,1162,4526
23-07-2021,876,8,112,756,42334,35882,1170,5282
24-07-2021,687,0,72,615,43021,35954,1170,5897
25-07-2021,619,19,165,435,43640,36119,1189,6332
26-07-2021,195,5,412,-222,43835,36531,1194,6110
27-07-2021,517,37,347,133,44352,36878,1231,6243
28-07-2021,862,11,217,634,45214,37095,1242,6877
29-07-2021,913,29,374,510,46127,37469,1271,7387
30-07-2021,958,13,253,692,47085,37722,1284,8079
31-07-2021,720,3,130,587,47805,37852,1287,8666
01-08-2021,665,28,415,222,48470,38267,1315,8888
02-08-2021,470,42,418,10,48940,38685,1357,8898
03-08-2021,744,41,299,404,49684,38984,1398,9302
04-08-2021,733,17,165,551,50417,39149,1415,9853
05-08-2021,876,46,309,521,51293,39458,1461,10374
06-08-2021,906,21,786,99,52199,40244,1482,10473
07-08-2021,908,42,522,344,53107,40766,1524,10817
08-08-2021,817,48,422,347,53924,41188,1572,11164
09-08-2021,559,24,693,-158,54483,41881,1596,11006
10-08-2021,578,26,601,-49,55061,42482,1622,10957
11-08-2021,687,24,247,416,55748,42729,1646,11373
12-08-2021,465,32,412,21,56213,43141,1678,11394
13-08-2021,811,4,632,175,57024,43773,1682,11569
14-08-2021,856,44,424,388,57880,44197,1726,11957
15-08-2021,616,41,1129,-554,58496,45326,1767,11403
16-08-2021,574,25,416,133,59070,45742,1792,11536
17-08-2021,669,40,614,15,59739,46356,1832,11551
18-08-2021,445,39,785,-379,60184,47141,1871,11172
19-08-2021,791,29,762,0,60975,47903,1900,11172
20-08-2021,644,19,624,1,61619,48527,1919,11173
21-08-2021,705,27,631,47,62324,49158,1946,11220
22-08-2021,410,28,681,-299,62734,49839,1974,10921
23-08-2021,297,13,818,-534,63031,50657,1987,10387
24-08-2021,519,14,527,-22,63550,51184,2001,10365
25-08-2021,466,49,678,-261,64016,51862,2050,10104
26-08-2021,473,24,968,-519,64489,52830,2074,9585
27-08-2021,253,24,925,-696,64742,53755,2098,8889
28-08-2021,358,18,990,-650,65100,54745,2116,8239
29-08-2021,169,8,808,-647,65269,55553,2124,7592
30-08-2021,83,7,1040,-964,65352,56593,2131,6628
31-08-2021,371,16,1016,-661,65723,57609,2147,5967
01-09-2021,256,16,903,-663,65979,58512,2163,5304
02-09-2021,292,14,286,-8,66271,58798,2177,5296
03-09-2021,287,13,1205,-931,66558,60003,2190,4365
04-09-2021,262,17,614,-369,66820,60617,2207,3996
05-09-2021,178,12,576,-410,66998,61193,2219,3586
06-09-2021,92,14,488,-410,67090,61681,2233,3176
07-09-2021,233,6,512,-285,67323,62193,2239,2891
08-09-2021,165,4,59,102,67488,62252,2243,2993
09-09-2021,241,7,355,-121,67729,62607,2250,2872
10-09-2021,169,21,402,-254,67898,63009,2271,2618
11-09-2021,146,9,256,-119,68044,63265,2280,2499
12-09-2021,96,4,256,-164,68140,63521,2284,2335
13-09-2021,26,0,286,-260,68166,63807,2284,2075
14-09-2021,87,11,231,-155,68253,64038,2295,1920
15-09-2021,95,1,189,-95,68348,64227,2296,1825
16-09-2021,113,2,176,-65,68461,64403,2298,1760
17-09-2021,114,1,166,-53,68575,64569,2299,1707
18-09-2021,98,4,291,-197,68673,64860,2303,1510
19-09-2021,35,4,153,-122,68708,65013,2307,1388
20-09-2021,50,1,203,-154,68758,65216,2308,1234
21-09-2021,72,2,109,-39,68830,65325,2310,1195
22-09-2021,53,2,104,-53,68883,65429,2312,1142
23-09-2021,83,1,234,-152,68966,65663,2313,990
24-09-2021,62,0,50,12,69028,65713,2313,1002
25-09-2021,48,1,45,2,69076,65758,2314,1004
26-09-2021,26,4,79,-57,69102,65837,2318,947
