tanggal,KASUS,MENINGGAL,SEMBUH,DIRAWAT_OR_ISOLASI,AKUMULASI_KASUS,AKUMULASI_SEMBUH,AKUMULASI_MENINGGAL,AKUMULASI_DIRAWAT_OR_ISOLASI
31-03-2020,2,0,0,2,2,0,0,2
01-04-2020,2,0,0,2,4,0,0,4
02-04-2020,0,0,0,0,4,0,0,4
03-04-2020,0,0,0,0,4,0,0,4
04-04-2020,0,0,0,0,4,0,0,4
05-04-2020,0,0,0,0,4,0,0,4
06-04-2020,3,0,0,3,7,0,0,7
07-04-2020,0,0,0,0,7,0,0,7
08-04-2020,0,0,0,0,7,0,0,7
09-04-2020,6,0,2,4,13,2,0,11
10-04-2020,9,0,0,9,22,2,0,20
11-04-2020,2,2,0,0,24,2,2,20
12-04-2020,9,0,0,9,33,2,2,29
13-04-2020,3,0,0,3,36,2,2,32
14-04-2020,0,0,0,0,36,2,2,32
15-04-2020,0,0,0,0,36,2,2,32
16-04-2020,8,0,0,8,44,2,2,40
17-04-2020,6,0,0,6,50,2,2,46
18-04-2020,4,0,0,4,54,2,2,50
19-04-2020,6,1,9,-4,60,11,3,46
20-04-2020,11,1,0,10,71,11,4,56
21-04-2020,21,0,0,21,92,11,4,77
22-04-2020,15,0,0,15,107,11,4,92
23-04-2020,7,0,2,5,114,13,4,97
24-04-2020,38,0,2,36,152,15,4,133
25-04-2020,28,0,5,23,180,20,4,156
26-04-2020,15,0,0,15,195,20,4,171
27-04-2020,11,0,2,9,206,22,4,180
28-04-2020,15,0,2,13,221,24,4,193
29-04-2020,9,0,7,2,230,31,4,195
30-04-2020,0,0,0,0,230,31,4,195
01-05-2020,3,0,0,3,233,31,4,198
02-05-2020,17,0,1,16,250,32,4,214
03-05-2020,18,0,4,14,268,36,4,228
04-05-2020,0,0,0,0,268,36,4,228
05-05-2020,16,0,10,6,284,46,4,234
06-05-2020,5,1,7,-3,289,53,5,231
07-05-2020,11,0,4,7,300,57,5,238
08-05-2020,12,0,22,-10,312,79,5,228
09-05-2020,18,1,7,10,330,86,6,238
10-05-2020,0,0,5,-5,330,91,6,233
11-05-2020,1,0,13,-12,331,104,6,221
12-05-2020,8,0,0,8,339,104,6,229
13-05-2020,5,1,9,-5,344,113,7,224
14-05-2020,6,0,24,-18,350,137,7,206
15-05-2020,8,0,50,-42,358,187,7,164
16-05-2020,7,0,0,7,365,187,7,171
17-05-2020,6,0,12,-6,371,199,7,165
18-05-2020,4,0,13,-9,375,212,7,156
19-05-2020,0,0,0,0,375,212,7,156
20-05-2020,18,0,0,18,393,212,7,174
21-05-2020,17,0,4,13,410,216,7,187
22-05-2020,54,0,3,51,464,219,7,238
23-05-2020,10,1,7,2,474,226,8,240
24-05-2020,4,0,0,4,478,226,8,244
25-05-2020,0,0,31,-31,478,257,8,213
26-05-2020,10,0,0,10,488,257,8,223
27-05-2020,49,1,14,34,537,271,9,257
28-05-2020,25,1,1,23,562,272,10,280
29-05-2020,28,0,3,25,590,275,10,305
30-05-2020,4,0,3,1,594,278,10,306
31-05-2020,42,0,12,30,636,290,10,336
01-06-2020,16,0,1,15,652,291,10,351
02-06-2020,18,2,0,16,670,291,12,367
03-06-2020,15,1,5,9,685,296,13,376
04-06-2020,20,4,2,14,705,298,17,390
05-06-2020,52,3,0,49,757,298,20,439
06-06-2020,41,1,12,28,798,310,21,467
07-06-2020,10,0,14,-4,808,324,21,463
08-06-2020,14,1,0,13,822,324,22,476
09-06-2020,8,3,0,5,830,324,25,481
10-06-2020,27,3,78,-54,857,402,28,427
11-06-2020,11,3,44,-36,868,446,31,391
12-06-2020,23,0,72,-49,891,518,31,342
13-06-2020,13,2,20,-9,904,538,33,333
14-06-2020,11,0,36,-25,915,574,33,308
15-06-2020,22,2,31,-11,937,605,35,297
16-06-2020,20,0,15,5,957,620,35,302
17-06-2020,21,6,30,-15,978,650,41,287
18-06-2020,30,2,20,8,1008,670,43,295
19-06-2020,14,0,19,-5,1022,689,43,290
20-06-2020,29,1,33,-5,1051,722,44,285
21-06-2020,5,0,7,-2,1056,729,44,283
22-06-2020,11,1,13,-3,1067,742,45,280
23-06-2020,14,0,8,6,1081,750,45,286
24-06-2020,21,2,19,0,1102,769,47,286
25-06-2020,17,2,6,9,1119,775,49,295
26-06-2020,23,0,11,12,1142,786,49,307
27-06-2020,21,1,5,15,1163,791,50,322
28-06-2020,36,9,19,8,1199,810,59,330
29-06-2020,14,0,6,8,1213,816,59,338
30-06-2020,21,1,8,12,1234,824,60,350
01-07-2020,11,3,7,1,1245,831,63,351
02-07-2020,15,0,11,4,1260,842,63,355
03-07-2020,23,0,25,-2,1283,867,63,353
04-07-2020,28,1,6,21,1311,873,64,374
05-07-2020,18,0,9,9,1329,882,64,383
06-07-2020,32,0,7,25,1361,889,64,408
07-07-2020,30,1,8,21,1391,897,65,429
08-07-2020,23,6,23,-6,1414,920,71,423
09-07-2020,29,1,12,16,1443,932,72,439
10-07-2020,36,2,14,20,1479,946,74,459
11-07-2020,39,0,14,25,1518,960,74,484
12-07-2020,30,3,13,14,1548,973,77,498
13-07-2020,23,4,22,-3,1571,995,81,495
14-07-2020,21,1,24,-4,1592,1019,82,491
15-07-2020,26,3,14,9,1618,1033,85,500
16-07-2020,30,0,27,3,1648,1060,85,503
17-07-2020,21,1,11,9,1669,1071,86,512
18-07-2020,25,3,13,9,1694,1084,89,521
19-07-2020,31,5,19,7,1725,1103,94,528
20-07-2020,34,2,1,31,1759,1104,96,559
21-07-2020,18,2,14,2,1777,1118,98,561
22-07-2020,12,0,10,2,1789,1128,98,563
23-07-2020,33,0,13,20,1822,1141,98,583
24-07-2020,28,5,15,8,1850,1156,103,591
25-07-2020,33,0,13,20,1883,1169,103,611
26-07-2020,20,1,22,-3,1903,1191,104,608
27-07-2020,23,3,21,-1,1926,1212,107,607
28-07-2020,20,1,6,13,1946,1218,108,620
29-07-2020,40,0,30,10,1986,1248,108,630
30-07-2020,36,0,12,24,2022,1260,108,654
31-07-2020,43,2,24,17,2065,1284,110,671
01-08-2020,0,0,0,0,2065,1284,110,671
02-08-2020,50,5,26,19,2115,1310,115,690
03-08-2020,35,2,9,24,2150,1319,117,714
04-08-2020,21,2,11,8,2171,1330,119,722
05-08-2020,26,2,29,-5,2197,1359,121,717
06-08-2020,27,1,15,11,2224,1374,122,728
07-08-2020,15,0,27,-12,2239,1401,122,716
08-08-2020,24,1,8,15,2263,1409,123,731
09-08-2020,27,0,14,13,2290,1423,123,744
10-08-2020,26,2,10,14,2316,1433,125,758
11-08-2020,22,3,55,-36,2338,1488,128,722
12-08-2020,24,1,54,-31,2362,1542,129,691
13-08-2020,13,0,48,-35,2375,1590,129,656
14-08-2020,24,0,18,6,2399,1608,129,662
15-08-2020,22,2,15,5,2421,1623,131,667
16-08-2020,15,0,20,-5,2436,1643,131,662
17-08-2020,22,1,13,8,2458,1656,132,670
18-08-2020,23,2,19,2,2481,1675,134,672
19-08-2020,24,1,21,2,2505,1696,135,674
20-08-2020,21,1,29,-9,2526,1725,136,665
21-08-2020,24,2,110,-88,2550,1835,138,577
22-08-2020,14,3,26,-15,2564,1861,141,562
23-08-2020,18,2,15,1,2582,1876,143,563
24-08-2020,14,5,8,1,2596,1884,148,564
25-08-2020,17,2,18,-3,2613,1902,150,561
26-08-2020,28,2,16,10,2641,1918,152,571
27-08-2020,21,3,21,-3,2662,1939,155,568
28-08-2020,23,1,27,-5,2685,1966,156,563
29-08-2020,42,0,27,15,2727,1993,156,578
30-08-2020,1,1,24,-24,2728,2017,157,554
31-08-2020,14,2,28,-16,2742,2045,159,538
01-09-2020,16,3,28,-15,2758,2073,162,523
02-09-2020,14,0,29,-15,2772,2102,162,508
03-09-2020,14,0,12,2,2786,2114,162,510
04-09-2020,9,3,14,-8,2795,2128,165,502
05-09-2020,33,2,25,6,2828,2153,167,508
06-09-2020,19,1,21,-3,2847,2174,168,505
07-09-2020,8,1,16,-9,2855,2190,169,496
08-09-2020,20,2,19,-1,2875,2209,171,495
09-09-2020,15,0,25,-10,2890,2234,171,485
10-09-2020,11,0,31,-20,2901,2265,171,465
11-09-2020,9,1,19,-11,2910,2284,172,454
12-09-2020,13,0,26,-13,2923,2310,172,441
13-09-2020,16,1,9,6,2939,2319,173,447
14-09-2020,22,0,23,-1,2961,2342,173,446
15-09-2020,20,1,9,10,2981,2351,174,456
16-09-2020,9,0,13,-4,2990,2364,174,452
17-09-2020,19,3,20,-4,3009,2384,177,448
18-09-2020,20,2,11,7,3029,2395,179,455
19-09-2020,53,3,22,28,3082,2417,182,483
20-09-2020,19,0,12,7,3101,2429,182,490
21-09-2020,25,3,12,10,3126,2441,185,500
22-09-2020,11,2,15,-6,3137,2456,187,494
23-09-2020,24,0,20,4,3161,2476,187,498
24-09-2020,39,3,20,16,3200,2496,190,514
25-09-2020,18,2,39,-23,3218,2535,192,491
26-09-2020,28,0,11,17,3246,2546,192,508
27-09-2020,19,2,8,9,3265,2554,194,517
28-09-2020,17,1,4,12,3282,2558,195,529
29-09-2020,7,0,39,-32,3289,2597,195,497
30-09-2020,27,1,40,-14,3316,2637,196,483
01-10-2020,30,2,14,14,3346,2651,198,497
02-10-2020,26,2,7,17,3372,2658,200,514
03-10-2020,22,2,17,3,3394,2675,202,517
04-10-2020,26,1,10,15,3420,2685,203,532
05-10-2020,21,0,20,1,3441,2705,203,533
06-10-2020,23,0,33,-10,3464,2738,203,523
07-10-2020,7,0,18,-11,3471,2756,203,512
08-10-2020,14,0,13,1,3485,2769,203,513
09-10-2020,28,2,22,4,3513,2791,205,517
10-10-2020,7,1,7,-1,3520,2798,206,516
11-10-2020,19,0,7,12,3539,2805,206,528
12-10-2020,15,0,7,8,3554,2812,206,536
13-10-2020,8,0,72,-64,3562,2884,206,472
14-10-2020,26,2,51,-27,3588,2935,208,445
15-10-2020,25,0,15,10,3613,2950,208,455
16-10-2020,33,0,19,14,3646,2969,208,469
17-10-2020,27,1,24,2,3673,2993,209,471
18-10-2020,31,0,11,20,3704,3004,209,491
19-10-2020,28,2,6,20,3732,3010,211,511
20-10-2020,21,2,10,9,3753,3020,213,520
21-10-2020,32,1,14,17,3785,3034,214,537
22-10-2020,25,1,42,-18,3810,3076,215,519
23-10-2020,20,1,27,-8,3830,3103,216,511
24-10-2020,6,1,14,-9,3836,3117,217,502
25-10-2020,22,2,16,4,3858,3133,219,506
26-10-2020,26,0,22,4,3884,3155,219,510
27-10-2020,29,0,32,-3,3913,3187,219,507
28-10-2020,27,0,32,-5,3940,3219,219,502
29-10-2020,10,0,31,-21,3950,3250,219,481
30-10-2020,16,1,4,11,3966,3254,220,492
31-10-2020,6,1,3,2,3972,3257,221,494
01-11-2020,24,0,5,19,3996,3262,221,513
02-11-2020,2,1,9,-8,3998,3271,222,505
03-11-2020,18,0,23,-5,4016,3294,222,500
04-11-2020,26,2,59,-35,4042,3353,224,465
05-11-2020,54,1,78,-25,4096,3431,225,440
06-11-2020,21,2,27,-8,4117,3458,227,432
07-11-2020,32,0,17,15,4149,3475,227,447
08-11-2020,46,2,61,-17,4195,3536,229,430
09-11-2020,44,0,3,41,4239,3539,229,471
10-11-2020,11,0,0,11,4250,3539,229,482
11-11-2020,36,1,0,35,4286,3539,230,517
12-11-2020,28,0,0,28,4314,3539,230,545
13-11-2020,48,0,0,48,4362,3539,230,593
14-11-2020,27,0,0,27,4389,3539,230,620
15-11-2020,14,0,0,14,4403,3539,230,634
16-11-2020,0,0,0,0,4403,3539,230,634
17-11-2020,4,0,3,1,4407,3542,230,635
18-11-2020,21,1,10,10,4428,3552,231,645
19-11-2020,16,0,14,2,4444,3566,231,647
20-11-2020,39,4,22,13,4483,3588,235,660
21-11-2020,28,0,2,26,4511,3590,235,686
22-11-2020,10,0,30,-20,4521,3620,235,666
23-11-2020,15,1,3,11,4536,3623,236,677
24-11-2020,14,0,9,5,4550,3632,236,682
25-11-2020,10,2,32,-24,4560,3664,238,658
26-11-2020,17,0,21,-4,4577,3685,238,654
27-11-2020,38,1,13,24,4615,3698,239,678
28-11-2020,32,1,17,14,4647,3715,240,692
29-11-2020,24,1,8,15,4671,3723,241,707
30-11-2020,8,2,4,2,4679,3727,243,709
01-12-2020,18,1,36,-19,4697,3763,244,690
02-12-2020,22,1,49,-28,4719,3812,245,662
03-12-2020,12,1,50,-39,4731,3862,246,623
04-12-2020,33,2,103,-72,4764,3965,248,551
05-12-2020,27,0,66,-39,4791,4031,248,512
06-12-2020,14,1,32,-19,4805,4063,249,493
07-12-2020,25,2,14,9,4830,4077,251,502
08-12-2020,9,1,18,-10,4839,4095,252,492
09-12-2020,57,1,22,34,4896,4117,253,526
10-12-2020,20,0,19,1,4916,4136,253,527
11-12-2020,34,0,14,20,4950,4150,253,547
12-12-2020,37,1,28,8,4987,4178,254,555
13-12-2020,29,2,16,11,5016,4194,256,566
14-12-2020,47,0,4,43,5063,4198,256,609
15-12-2020,34,2,19,13,5097,4217,258,622
16-12-2020,33,0,10,23,5130,4227,258,645
17-12-2020,31,0,0,31,5161,4227,258,676
18-12-2020,19,0,0,19,5180,4227,258,695
19-12-2020,35,1,26,8,5215,4253,259,703
20-12-2020,23,0,10,13,5238,4263,259,716
21-12-2020,57,2,1,54,5295,4264,261,770
22-12-2020,39,0,36,3,5334,4300,261,773
23-12-2020,22,0,23,-1,5356,4323,261,772
24-12-2020,42,0,35,7,5398,4358,261,779
25-12-2020,24,0,5,19,5422,4363,261,798
26-12-2020,32,0,18,14,5454,4381,261,812
27-12-2020,16,0,25,-9,5470,4406,261,803
28-12-2020,53,0,5,48,5523,4411,261,851
29-12-2020,11,0,36,-25,5534,4447,261,826
30-12-2020,65,0,60,5,5599,4507,261,831
31-12-2020,65,0,48,17,5664,4555,261,848
01-01-2021,60,0,20,40,5724,4575,261,888
02-01-2021,59,2,39,18,5783,4614,263,906
03-01-2021,21,0,14,7,5804,4628,263,913
04-01-2021,43,0,13,30,5847,4641,263,943
05-01-2021,13,0,0,13,5860,4641,263,956
06-01-2021,42,1,12,29,5902,4653,264,985
07-01-2021,59,0,46,13,5961,4699,264,998
08-01-2021,37,0,102,-65,5998,4801,264,933
09-01-2021,70,0,88,-18,6068,4889,264,915
10-01-2021,68,0,98,-30,6136,4987,264,885
11-01-2021,43,0,72,-29,6179,5059,264,856
12-01-2021,58,0,1,57,6237,5060,264,913
13-01-2021,33,0,29,4,6270,5089,264,917
14-01-2021,83,0,28,55,6353,5117,264,972
15-01-2021,58,0,17,41,6411,5134,264,1013
16-01-2021,72,0,14,58,6483,5148,264,1071
17-01-2021,60,0,33,27,6543,5181,264,1098
18-01-2021,35,1,40,-6,6578,5221,265,1092
19-01-2021,65,2,23,40,6643,5244,267,1132
20-01-2021,64,0,45,19,6707,5289,267,1151
21-01-2021,90,3,97,-10,6797,5386,270,1141
22-01-2021,55,1,68,-14,6852,5454,271,1127
23-01-2021,88,1,33,54,6940,5487,272,1181
24-01-2021,83,0,28,55,7023,5515,272,1236
25-01-2021,57,0,25,32,7080,5540,272,1268
26-01-2021,50,0,33,17,7130,5573,272,1285
27-01-2021,107,0,50,57,7237,5623,272,1342
28-01-2021,100,0,22,78,7337,5645,272,1420
29-01-2021,83,3,37,43,7420,5682,275,1463
30-01-2021,58,1,46,11,7478,5728,276,1474
31-01-2021,96,4,42,50,7574,5770,280,1524
01-02-2021,48,2,57,-11,7622,5827,282,1513
02-02-2021,0,0,118,-118,7622,5945,282,1395
03-02-2021,6,4,12,-10,7628,5957,286,1385
04-02-2021,0,0,36,-36,7628,5993,286,1349
05-02-2021,1,2,1,-2,7629,5994,288,1347
06-02-2021,22,23,50,-51,7651,6044,311,1296
07-02-2021,0,0,12,-12,7651,6056,311,1284
08-02-2021,141,1,109,31,7792,6165,312,1315
09-02-2021,87,13,111,-37,7879,6276,325,1278
10-02-2021,90,1,53,36,7969,6329,326,1314
11-02-2021,63,0,12,51,8032,6341,326,1365
12-02-2021,36,1,78,-43,8068,6419,327,1322
13-02-2021,17,1,58,-42,8085,6477,328,1280
14-02-2021,13,1,75,-63,8098,6552,329,1217
15-02-2021,3,0,11,-8,8101,6563,329,1209
16-02-2021,57,0,12,45,8158,6575,329,1254
17-02-2021,61,0,18,43,8219,6593,329,1297
18-02-2021,38,0,16,22,8257,6609,329,1319
19-02-2021,58,0,11,47,8315,6620,329,1366
20-02-2021,39,0,18,21,8354,6638,329,1387
21-02-2021,50,0,6,44,8404,6644,329,1431
22-02-2021,75,0,3,72,8479,6647,329,1503
23-02-2021,33,2,60,-29,8512,6707,331,1474
24-02-2021,20,0,25,-5,8532,6732,331,1469
25-02-2021,44,1,107,-64,8576,6839,332,1405
26-02-2021,65,0,121,-56,8641,6960,332,1349
27-02-2021,32,0,28,4,8673,6988,332,1353
28-02-2021,67,3,70,-6,8740,7058,335,1347
01-03-2021,50,1,23,26,8790,7081,336,1373
02-03-2021,5,0,14,-9,8795,7095,336,1364
03-03-2021,9,0,18,-9,8804,7113,336,1355
04-03-2021,6,1,3,2,8810,7116,337,1357
05-03-2021,41,1,1,39,8851,7117,338,1396
06-03-2021,3,1,26,-24,8854,7143,339,1372
07-03-2021,16,0,1,15,8870,7144,339,1387
08-03-2021,2,1,1,0,8872,7145,340,1387
09-03-2021,11,0,5,6,8883,7150,340,1393
10-03-2021,25,0,99,-74,8908,7249,340,1319
11-03-2021,0,0,6,-6,8908,7255,340,1313
12-03-2021,1,1,0,0,8909,7255,341,1313
13-03-2021,20,0,12,8,8929,7267,341,1321
14-03-2021,69,0,0,69,8998,7267,341,1390
15-03-2021,42,1,10,31,9040,7277,342,1421
16-03-2021,1,0,0,1,9041,7277,342,1422
17-03-2021,34,0,1,33,9075,7278,342,1455
18-03-2021,67,0,28,39,9142,7306,342,1494
19-03-2021,28,0,16,12,9170,7322,342,1506
20-03-2021,41,2,2,37,9211,7324,344,1543
21-03-2021,33,0,8,25,9244,7332,344,1568
22-03-2021,64,1,50,13,9308,7382,345,1581
23-03-2021,15,0,2,13,9323,7384,345,1594
24-03-2021,38,0,5,33,9361,7389,345,1627
25-03-2021,41,0,13,28,9402,7402,345,1655
26-03-2021,17,0,1,16,9419,7403,345,1671
27-03-2021,35,3,6,26,9454,7409,348,1697
28-03-2021,6,0,0,6,9460,7409,348,1703
29-03-2021,32,2,12,18,9492,7421,350,1721
30-03-2021,60,4,75,-19,9552,7496,354,1702
31-03-2021,42,0,12,30,9594,7508,354,1732
01-04-2021,15,2,3,10,9609,7511,356,1742
02-04-2021,17,0,8,9,9626,7519,356,1751
03-04-2021,21,0,0,21,9647,7519,356,1772
04-04-2021,19,1,0,18,9666,7519,357,1790
05-04-2021,32,2,0,30,9698,7519,359,1820
06-04-2021,7,1,1,5,9705,7520,360,1825
07-04-2021,26,0,10,16,9731,7530,360,1841
08-04-2021,43,1,5,37,9774,7535,361,1878
09-04-2021,25,0,0,25,9799,7535,361,1903
10-04-2021,17,0,20,-3,9816,7555,361,1900
11-04-2021,19,0,3,16,9835,7558,361,1916
12-04-2021,32,0,0,32,9867,7558,361,1948
13-04-2021,5,1,52,-48,9872,7610,362,1900
14-04-2021,20,0,4,16,9892,7614,362,1916
15-04-2021,31,0,0,31,9923,7614,362,1947
16-04-2021,86,0,4,82,10009,7618,362,2029
17-04-2021,33,4,27,2,10042,7645,366,2031
18-04-2021,0,0,1,-1,10042,7646,366,2030
19-04-2021,52,0,6,46,10094,7652,366,2076
20-04-2021,18,0,0,18,10112,7652,366,2094
21-04-2021,42,0,18,24,10154,7670,366,2118
22-04-2021,16,1,0,15,10170,7670,367,2133
23-04-2021,1,0,10,-9,10171,7680,367,2124
24-04-2021,0,1,0,-1,10171,7680,368,2123
25-04-2021,3,0,0,3,10174,7680,368,2126
26-04-2021,58,0,9,49,10232,7689,368,2175
27-04-2021,59,1,6,52,10291,7695,369,2227
28-04-2021,49,1,60,-12,10340,7755,370,2215
29-04-2021,36,9,58,-31,10376,7813,379,2184
30-04-2021,65,0,29,36,10441,7842,379,2220
01-05-2021,18,0,35,-17,10459,7877,379,2203
02-05-2021,29,1,6,22,10488,7883,380,2225
03-05-2021,129,2,28,99,10617,7911,382,2324
04-05-2021,30,6,24,0,10647,7935,388,2324
05-05-2021,26,12,0,14,10673,7935,400,2338
06-05-2021,19,0,16,3,10692,7951,400,2341
07-05-2021,28,1,9,18,10720,7960,401,2359
08-05-2021,23,0,1,22,10743,7961,401,2381
09-05-2021,2,0,2,0,10745,7963,401,2381
10-05-2021,29,2,2,25,10774,7965,403,2406
11-05-2021,15,2,12,1,10789,7977,405,2407
12-05-2021,21,0,0,21,10810,7977,405,2428
13-05-2021,5,0,0,5,10815,7977,405,2433
14-05-2021,12,0,9,3,10827,7986,405,2436
15-05-2021,5,0,0,5,10832,7986,405,2441
16-05-2021,18,0,3,15,10850,7989,405,2456
17-05-2021,12,0,0,12,10862,7989,405,2468
18-05-2021,50,1,50,-1,10912,8039,406,2467
19-05-2021,54,1,7,46,10966,8046,407,2513
20-05-2021,16,1,11,4,10982,8057,408,2517
21-05-2021,35,5,4,26,11017,8061,413,2543
22-05-2021,30,0,21,9,11047,8082,413,2552
23-05-2021,26,0,0,26,11073,8082,413,2578
24-05-2021,24,0,7,17,11097,8089,413,2595
25-05-2021,17,0,3,14,11114,8092,413,2609
26-05-2021,22,4,0,18,11136,8092,417,2627
27-05-2021,15,1,2,12,11151,8094,418,2639
28-05-2021,451,1,507,-57,11602,8601,419,2582
29-05-2021,40,1,10,29,11642,8611,420,2611
30-05-2021,76,10,101,-35,11718,8712,430,2576
31-05-2021,237,7,103,127,11955,8815,437,2703
01-06-2021,82,5,111,-34,12037,8926,442,2669
02-06-2021,124,6,170,-52,12161,9096,448,2617
03-06-2021,67,3,63,1,12228,9159,451,2618
04-06-2021,77,5,55,17,12305,9214,456,2635
05-06-2021,28,4,41,-17,12333,9255,460,2618
06-06-2021,20,4,2,14,12353,9257,464,2632
07-06-2021,60,5,111,-56,12413,9368,469,2576
08-06-2021,72,2,59,11,12485,9427,471,2587
09-06-2021,49,0,28,21,12534,9455,471,2608
10-06-2021,37,3,32,2,12571,9487,474,2610
11-06-2021,20,0,61,-41,12591,9548,474,2569
12-06-2021,20,1,25,-6,12611,9573,475,2563
13-06-2021,10,0,7,3,12621,9580,475,2566
14-06-2021,6,0,21,-15,12627,9601,475,2551
15-06-2021,43,1,198,-156,12670,9799,476,2395
16-06-2021,5,0,42,-37,12675,9841,476,2358
17-06-2021,17,0,364,-347,12692,10205,476,2011
18-06-2021,23,0,202,-179,12715,10407,476,1832
19-06-2021,39,0,19,20,12754,10426,476,1852
20-06-2021,15,1,75,-61,12769,10501,477,1791
21-06-2021,23,0,30,-7,12792,10531,477,1784
22-06-2021,11,0,43,-32,12803,10574,477,1752
23-06-2021,25,1,74,-50,12828,10648,478,1702
24-06-2021,9,0,32,-23,12837,10680,478,1679
25-06-2021,7,0,33,-26,12844,10713,478,1653
26-06-2021,6,12,59,-65,12850,10772,490,1588
27-06-2021,19,0,36,-17,12869,10808,490,1571
28-06-2021,41,0,125,-84,12910,10933,490,1487
29-06-2021,82,0,76,6,12992,11009,490,1493
30-06-2021,7,0,94,-87,12999,11103,490,1406
01-07-2021,139,0,49,90,13138,11152,490,1496
02-07-2021,25,0,87,-62,13163,11239,490,1434
03-07-2021,25,0,13,12,13188,11252,490,1446
04-07-2021,9,0,9,0,13197,11261,490,1446
05-07-2021,65,1,74,-10,13262,11335,491,1436
06-07-2021,122,1,79,42,13384,11414,492,1478
07-07-2021,52,0,11,41,13436,11425,492,1519
08-07-2021,22,1,21,0,13458,11446,493,1519
09-07-2021,8,0,3,5,13466,11449,493,1524
10-07-2021,214,0,74,140,13680,11523,493,1664
11-07-2021,503,1,53,449,14183,11576,494,2113
12-07-2021,217,2,289,-74,14400,11865,496,2039
13-07-2021,372,4,618,-250,14772,12483,500,1789
14-07-2021,236,10,110,116,15008,12593,510,1905
15-07-2021,370,6,110,254,15378,12703,516,2159
16-07-2021,241,4,199,38,15619,12902,520,2197
17-07-2021,379,8,218,153,15998,13120,528,2350
18-07-2021,333,2,210,121,16331,13330,530,2471
19-07-2021,228,2,321,-95,16559,13651,532,2376
20-07-2021,337,5,89,243,16896,13740,537,2619
21-07-2021,208,4,242,-38,17104,13982,541,2581
22-07-2021,379,5,299,75,17483,14281,546,2656
23-07-2021,295,0,226,69,17778,14507,546,2725
24-07-2021,114,0,328,-214,17892,14835,546,2511
25-07-2021,127,0,242,-115,18019,15077,546,2396
26-07-2021,136,2,362,-228,18155,15439,548,2168
27-07-2021,207,6,277,-76,18362,15716,554,2092
28-07-2021,287,4,285,-2,18649,16001,558,2090
29-07-2021,326,3,312,11,18975,16313,561,2101
30-07-2021,342,3,380,-41,19317,16693,564,2060
31-07-2021,383,2,263,118,19700,16956,566,2178
01-08-2021,260,3,283,-26,19960,17239,569,2152
02-08-2021,150,2,268,-120,20110,17507,571,2032
03-08-2021,247,4,358,-115,20357,17865,575,1917
04-08-2021,249,5,279,-35,20606,18144,580,1882
05-08-2021,216,0,268,-52,20822,18412,580,1830
06-08-2021,202,4,222,-24,21024,18634,584,1806
07-08-2021,272,5,337,-70,21296,18971,589,1736
08-08-2021,213,4,238,-29,21509,19209,593,1707
09-08-2021,278,3,274,1,21787,19483,596,1708
10-08-2021,226,4,290,-68,22013,19773,600,1640
11-08-2021,227,3,187,37,22240,19960,603,1677
12-08-2021,194,7,134,53,22434,20094,610,1730
13-08-2021,378,8,249,121,22812,20343,618,1851
14-08-2021,248,6,224,18,23060,20567,624,1869
15-08-2021,207,7,264,-64,23267,20831,631,1805
16-08-2021,249,5,308,-64,23516,21139,636,1741
17-08-2021,201,5,264,-68,23717,21403,641,1673
18-08-2021,137,7,266,-136,23854,21669,648,1537
19-08-2021,219,6,158,55,24073,21827,654,1592
20-08-2021,199,8,148,43,24272,21975,662,1635
21-08-2021,134,4,171,-41,24406,22146,666,1594
22-08-2021,195,4,249,-58,24601,22395,670,1536
23-08-2021,155,11,227,-83,24756,22622,681,1453
24-08-2021,198,9,219,-30,24954,22841,690,1423
25-08-2021,202,8,244,-50,25156,23085,698,1373
26-08-2021,143,1,229,-87,25299,23314,699,1286
27-08-2021,191,4,180,7,25490,23494,703,1293
28-08-2021,81,3,192,-114,25571,23686,706,1179
29-08-2021,78,2,111,-35,25649,23797,708,1144
30-08-2021,83,6,117,-40,25732,23914,714,1104
31-08-2021,119,10,144,-35,25851,24058,724,1069
01-09-2021,123,5,143,-25,25974,24201,729,1044
02-09-2021,103,3,140,-40,26077,24341,732,1004
03-09-2021,98,2,123,-27,26175,24464,734,977
04-09-2021,81,4,89,-12,26256,24553,738,965
05-09-2021,69,2,102,-35,26325,24655,740,930
06-09-2021,50,6,113,-69,26375,24768,746,861
07-09-2021,87,4,120,-37,26462,24888,750,824
08-09-2021,70,3,87,-20,26532,24975,753,804
09-09-2021,73,5,127,-59,26605,25102,758,745
10-09-2021,89,1,129,-41,26694,25231,759,704
11-09-2021,74,3,101,-30,26768,25332,762,674
12-09-2021,62,3,107,-48,26830,25439,765,626
13-09-2021,26,5,63,-42,26856,25502,770,584
14-09-2021,57,6,100,-49,26913,25602,776,535
15-09-2021,50,2,91,-43,26963,25693,778,492
16-09-2021,38,1,66,-29,27001,25759,779,463
17-09-2021,50,3,64,-17,27051,25823,782,446
18-09-2021,54,1,50,3,27105,25873,783,449
19-09-2021,30,1,41,-12,27135,25914,784,437
20-09-2021,12,1,42,-31,27147,25956,785,406
21-09-2021,34,4,53,-23,27181,26009,789,383
22-09-2021,37,1,43,-7,27218,26052,790,376
23-09-2021,44,2,61,-19,27262,26113,792,357
24-09-2021,24,1,33,-10,27286,26146,793,347
25-09-2021,23,0,25,-2,27309,26171,793,345
26-09-2021,16,0,34,-18,27325,26205,793,327
27-09-2021,11,2,30,-21,27336,26235,795,306
28-09-2021,36,2,44,-10,27372,26279,797,296
29-09-2021,21,2,16,3,27393,26295,799,299
30-09-2021,28,0,28,0,27421,26323,799,299
01-10-2021,26,1,32,-7,27447,26355,800,292
02-10-2021,22,0,25,-3,27469,26380,800,289
03-10-2021,8,0,24,-16,27477,26404,800,273
04-10-2021,11,2,26,-17,27488,26430,802,256
05-10-2021,10,1,19,-10,27498,26449,803,246
06-10-2021,12,2,15,-5,27510,26464,805,241
07-10-2021,12,0,11,1,27522,26475,805,242
08-10-2021,7,0,14,-7,27529,26489,805,235
09-10-2021,16,1,29,-14,27545,26518,806,221
10-10-2021,8,0,22,-14,27553,26540,806,207
11-10-2021,15,2,26,-13,27568,26566,808,194
12-10-2021,9,0,10,-1,27577,26576,808,193
13-10-2021,11,0,29,-18,27588,26605,808,175
14-10-2021,10,1,5,4,27598,26610,809,179
15-10-2021,10,0,7,3,27608,26617,809,182
16-10-2021,13,0,7,6,27621,26624,809,188
17-10-2021,10,0,4,6,27631,26628,809,194
18-10-2021,1,0,4,-3,27632,26632,809,191
19-10-2021,10,1,9,0,27642,26641,810,191
20-10-2021,14,0,3,11,27656,26644,810,202
21-10-2021,8,0,10,-2,27664,26654,810,200
22-10-2021,4,1,13,-10,27668,26667,811,190
23-10-2021,6,0,2,4,27674,26669,811,194
24-10-2021,5,0,8,-3,27679,26677,811,191
25-10-2021,4,0,45,-41,27683,26722,811,150
26-10-2021,2,0,2,0,27685,26724,811,150
27-10-2021,6,0,3,3,27691,26727,811,153
28-10-2021,12,0,0,12,27703,26727,811,165
