date_reported,country_code,country,who_region,new_cases,cumulative_cases,new_deaths,cumulative_deaths
03-01-2020,CN,China,WPRO,0,0,0,0
04-01-2020,CN,China,WPRO,1,1,0,0
05-01-2020,CN,China,WPRO,0,1,0,0
06-01-2020,CN,China,WPRO,3,4,0,0
07-01-2020,CN,China,WPRO,0,4,0,0
08-01-2020,CN,China,WPRO,0,4,0,0
09-01-2020,CN,China,WPRO,0,4,0,0
10-01-2020,CN,China,WPRO,0,4,0,0
11-01-2020,CN,China,WPRO,0,4,0,0
12-01-2020,CN,China,WPRO,41,45,1,1
13-01-2020,CN,China,WPRO,0,45,0,1
14-01-2020,CN,China,WPRO,0,45,0,1
15-01-2020,CN,China,WPRO,0,45,0,1
16-01-2020,CN,China,WPRO,0,45,0,1
17-01-2020,CN,China,WPRO,4,49,1,2
18-01-2020,CN,China,WPRO,0,49,0,2
19-01-2020,CN,China,WPRO,76,125,1,3
20-01-2020,CN,China,WPRO,77,202,1,4
21-01-2020,CN,China,WPRO,93,295,2,6
22-01-2020,CN,China,WPRO,147,442,11,17
23-01-2020,CN,China,WPRO,132,574,1,18
24-01-2020,CN,China,WPRO,261,835,8,26
25-01-2020,CN,China,WPRO,462,1297,16,42
26-01-2020,CN,China,WPRO,688,1985,14,56
27-01-2020,CN,China,WPRO,776,2761,26,82
28-01-2020,CN,China,WPRO,1772,4533,49,131
29-01-2020,CN,China,WPRO,1464,5997,2,133
30-01-2020,CN,China,WPRO,1739,7736,38,171
31-01-2020,CN,China,WPRO,1984,9720,42,213
01-02-2020,CN,China,WPRO,2101,11821,46,259
02-02-2020,CN,China,WPRO,2590,14411,102,361
03-02-2020,CN,China,WPRO,2827,17238,64,425
04-02-2020,CN,China,WPRO,3233,20471,66,491
05-02-2020,CN,China,WPRO,3892,24363,72,563
06-02-2020,CN,China,WPRO,3697,28060,70,633
07-02-2020,CN,China,WPRO,3151,31211,85,718
08-02-2020,CN,China,WPRO,3387,34598,87,805
09-02-2020,CN,China,WPRO,2653,37251,100,905
10-02-2020,CN,China,WPRO,2984,40235,107,1012
11-02-2020,CN,China,WPRO,2473,42708,100,1112
12-02-2020,CN,China,WPRO,2022,44730,5,1117
13-02-2020,CN,China,WPRO,15152,59882,252,1369
14-02-2020,CN,China,WPRO,4050,63932,152,1521
15-02-2020,CN,China,WPRO,2644,66576,142,1663
16-02-2020,CN,China,WPRO,2008,68584,104,1767
17-02-2020,CN,China,WPRO,2051,70635,98,1865
18-02-2020,CN,China,WPRO,1893,72528,139,2004
19-02-2020,CN,China,WPRO,1750,74278,113,2117
20-02-2020,CN,China,WPRO,397,74675,122,2239
21-02-2020,CN,China,WPRO,893,75568,0,2239
22-02-2020,CN,China,WPRO,825,76393,205,2444
23-02-2020,CN,China,WPRO,649,77042,2,2446
24-02-2020,CN,China,WPRO,220,77262,150,2596
25-02-2020,CN,China,WPRO,517,77779,70,2666
26-02-2020,CN,China,WPRO,411,78190,52,2718
27-02-2020,CN,China,WPRO,440,78630,29,2747
28-02-2020,CN,China,WPRO,329,78959,44,2791
29-02-2020,CN,China,WPRO,430,79389,47,2838
01-03-2020,CN,China,WPRO,579,79968,35,2873
02-03-2020,CN,China,WPRO,206,80174,42,2915
03-03-2020,CN,China,WPRO,128,80302,33,2948
04-03-2020,CN,China,WPRO,120,80422,36,2984
05-03-2020,CN,China,WPRO,143,80565,32,3016
06-03-2020,CN,China,WPRO,145,80710,29,3045
07-03-2020,CN,China,WPRO,103,80813,28,3073
08-03-2020,CN,China,WPRO,46,80859,28,3101
09-03-2020,CN,China,WPRO,45,80904,23,3124
10-03-2020,CN,China,WPRO,20,80924,16,3140
11-03-2020,CN,China,WPRO,31,80955,22,3162
12-03-2020,CN,China,WPRO,25,80980,11,3173
13-03-2020,CN,China,WPRO,11,80991,8,3181
14-03-2020,CN,China,WPRO,30,81021,13,3194
15-03-2020,CN,China,WPRO,27,81048,10,3204
16-03-2020,CN,China,WPRO,29,81077,14,3218
17-03-2020,CN,China,WPRO,40,81117,13,3231
18-03-2020,CN,China,WPRO,34,81151,11,3242
19-03-2020,CN,China,WPRO,86,81237,8,3250
20-03-2020,CN,China,WPRO,63,81300,5,3255
21-03-2020,CN,China,WPRO,116,81416,6,3261
22-03-2020,CN,China,WPRO,82,81498,6,3267
23-03-2020,CN,China,WPRO,103,81601,9,3276
24-03-2020,CN,China,WPRO,146,81747,7,3283
25-03-2020,CN,China,WPRO,101,81848,4,3287
26-03-2020,CN,China,WPRO,113,81961,6,3293
27-03-2020,CN,China,WPRO,117,82078,5,3298
28-03-2020,CN,China,WPRO,135,82213,3,3301
29-03-2020,CN,China,WPRO,128,82341,5,3306
30-03-2020,CN,China,WPRO,106,82447,4,3310
31-03-2020,CN,China,WPRO,98,82545,4,3314
01-04-2020,CN,China,WPRO,86,82631,7,3321
02-04-2020,CN,China,WPRO,93,82724,6,3327
03-04-2020,CN,China,WPRO,78,82802,4,3331
04-04-2020,CN,China,WPRO,73,82875,4,3335
05-04-2020,CN,China,WPRO,55,82930,3,3338
06-04-2020,CN,China,WPRO,75,83005,2,3340
07-04-2020,CN,China,WPRO,67,83072,0,3340
08-04-2020,CN,China,WPRO,85,83157,2,3342
09-04-2020,CN,China,WPRO,92,83249,2,3344
10-04-2020,CN,China,WPRO,56,83305,1,3345
11-04-2020,CN,China,WPRO,64,83369,4,3349
12-04-2020,CN,China,WPRO,113,83482,0,3349
13-04-2020,CN,China,WPRO,115,83597,2,3351
14-04-2020,CN,China,WPRO,99,83696,0,3351
15-04-2020,CN,China,WPRO,49,83745,1,3352
16-04-2020,CN,China,WPRO,52,83797,0,3352
17-04-2020,CN,China,WPRO,27,83824,0,3352
18-04-2020,CN,China,WPRO,356,84180,1290,4642
19-04-2020,CN,China,WPRO,21,84201,0,4642
20-04-2020,CN,China,WPRO,36,84237,0,4642
21-04-2020,CN,China,WPRO,13,84250,0,4642
22-04-2020,CN,China,WPRO,37,84287,0,4642
23-04-2020,CN,China,WPRO,15,84302,0,4642
24-04-2020,CN,China,WPRO,9,84311,0,4642
25-04-2020,CN,China,WPRO,13,84324,0,4642
26-04-2020,CN,China,WPRO,14,84338,0,4642
27-04-2020,CN,China,WPRO,3,84341,1,4643
28-04-2020,CN,China,WPRO,6,84347,0,4643
29-04-2020,CN,China,WPRO,22,84369,0,4643
30-04-2020,CN,China,WPRO,4,84373,0,4643
01-05-2020,CN,China,WPRO,12,84385,0,4643
02-05-2020,CN,China,WPRO,3,84388,0,4643
03-05-2020,CN,China,WPRO,5,84393,0,4643
04-05-2020,CN,China,WPRO,7,84400,0,4643
05-05-2020,CN,China,WPRO,4,84404,0,4643
06-05-2020,CN,China,WPRO,2,84406,0,4643
07-05-2020,CN,China,WPRO,3,84409,0,4643
08-05-2020,CN,China,WPRO,6,84415,0,4643
09-05-2020,CN,China,WPRO,1,84416,0,4643
10-05-2020,CN,China,WPRO,14,84430,0,4643
11-05-2020,CN,China,WPRO,20,84450,0,4643
12-05-2020,CN,China,WPRO,1,84451,1,4644
13-05-2020,CN,China,WPRO,7,84458,0,4644
14-05-2020,CN,China,WPRO,6,84464,0,4644
15-05-2020,CN,China,WPRO,5,84469,0,4644
16-05-2020,CN,China,WPRO,9,84478,0,4644
17-05-2020,CN,China,WPRO,6,84484,1,4645
18-05-2020,CN,China,WPRO,10,84494,0,4645
19-05-2020,CN,China,WPRO,6,84500,0,4645
20-05-2020,CN,China,WPRO,5,84505,0,4645
21-05-2020,CN,China,WPRO,2,84507,0,4645
22-05-2020,CN,China,WPRO,13,84520,0,4645
23-05-2020,CN,China,WPRO,2,84522,0,4645
24-05-2020,CN,China,WPRO,3,84525,0,4645
25-05-2020,CN,China,WPRO,11,84536,0,4645
26-05-2020,CN,China,WPRO,7,84543,0,4645
27-05-2020,CN,China,WPRO,1,84544,0,4645
28-05-2020,CN,China,WPRO,3,84547,0,4645
29-05-2020,CN,China,WPRO,0,84547,0,4645
30-05-2020,CN,China,WPRO,18,84565,0,4645
31-05-2020,CN,China,WPRO,5,84570,0,4645
01-06-2020,CN,China,WPRO,18,84588,0,4645
02-06-2020,CN,China,WPRO,9,84597,0,4645
03-06-2020,CN,China,WPRO,5,84602,0,4645
04-06-2020,CN,China,WPRO,1,84603,0,4645
05-06-2020,CN,China,WPRO,11,84614,0,4645
06-06-2020,CN,China,WPRO,6,84620,0,4645
07-06-2020,CN,China,WPRO,9,84629,0,4645
08-06-2020,CN,China,WPRO,5,84634,0,4645
09-06-2020,CN,China,WPRO,1,84635,0,4645
10-06-2020,CN,China,WPRO,6,84641,0,4645
11-06-2020,CN,China,WPRO,11,84652,0,4645
12-06-2020,CN,China,WPRO,7,84659,0,4645
13-06-2020,CN,China,WPRO,12,84671,0,4645
14-06-2020,CN,China,WPRO,58,84729,0,4645
15-06-2020,CN,China,WPRO,49,84778,0,4645
16-06-2020,CN,China,WPRO,45,84823,0,4645
17-06-2020,CN,China,WPRO,44,84867,0,4645
18-06-2020,CN,China,WPRO,36,84903,0,4645
19-06-2020,CN,China,WPRO,37,84940,0,4645
20-06-2020,CN,China,WPRO,30,84970,0,4645
21-06-2020,CN,China,WPRO,27,84997,1,4646
22-06-2020,CN,China,WPRO,21,85018,0,4646
23-06-2020,CN,China,WPRO,52,85070,0,4646
24-06-2020,CN,China,WPRO,28,85098,1,4647
25-06-2020,CN,China,WPRO,21,85119,0,4647
26-06-2020,CN,China,WPRO,29,85148,1,4648
27-06-2020,CN,China,WPRO,24,85172,0,4648
28-06-2020,CN,China,WPRO,18,85190,0,4648
29-06-2020,CN,China,WPRO,14,85204,0,4648
30-06-2020,CN,China,WPRO,23,85227,0,4648
01-07-2020,CN,China,WPRO,5,85232,0,4648
02-07-2020,CN,China,WPRO,31,85263,0,4648
03-07-2020,CN,China,WPRO,15,85278,0,4648
04-07-2020,CN,China,WPRO,9,85287,0,4648
05-07-2020,CN,China,WPRO,19,85306,0,4648
06-07-2020,CN,China,WPRO,14,85320,0,4648
07-07-2020,CN,China,WPRO,25,85345,0,4648
08-07-2020,CN,China,WPRO,21,85366,0,4648
09-07-2020,CN,China,WPRO,33,85399,0,4648
10-07-2020,CN,China,WPRO,46,85445,0,4648
11-07-2020,CN,China,WPRO,42,85487,0,4648
12-07-2020,CN,China,WPRO,35,85522,0,4648
13-07-2020,CN,China,WPRO,46,85568,0,4648
14-07-2020,CN,China,WPRO,55,85623,1,4649
15-07-2020,CN,China,WPRO,54,85677,0,4649
16-07-2020,CN,China,WPRO,20,85697,2,4651
17-07-2020,CN,China,WPRO,78,85775,0,4651
18-07-2020,CN,China,WPRO,82,85857,1,4652
19-07-2020,CN,China,WPRO,80,85937,1,4653
20-07-2020,CN,China,WPRO,131,86068,0,4653
21-07-2020,CN,China,WPRO,84,86152,0,4653
22-07-2020,CN,China,WPRO,74,86226,2,4655
23-07-2020,CN,China,WPRO,135,86361,0,4655
24-07-2020,CN,China,WPRO,139,86500,1,4656
25-07-2020,CN,China,WPRO,160,86660,1,4657
26-07-2020,CN,China,WPRO,179,86839,2,4659
27-07-2020,CN,China,WPRO,189,87028,0,4659
28-07-2020,CN,China,WPRO,217,87245,4,4663
29-07-2020,CN,China,WPRO,212,87457,1,4664
30-07-2020,CN,China,WPRO,223,87680,1,4665
31-07-2020,CN,China,WPRO,276,87956,1,4666
01-08-2020,CN,China,WPRO,166,88122,2,4668
02-08-2020,CN,China,WPRO,180,88302,6,4674
03-08-2020,CN,China,WPRO,158,88460,3,4677
04-08-2020,CN,China,WPRO,114,88574,1,4678
05-08-2020,CN,China,WPRO,108,88682,5,4683
06-08-2020,CN,China,WPRO,122,88804,1,4684
07-08-2020,CN,China,WPRO,133,88937,3,4687
08-08-2020,CN,China,WPRO,120,89057,1,4688
09-08-2020,CN,China,WPRO,92,89149,0,4688
10-08-2020,CN,China,WPRO,121,89270,5,4693
11-08-2020,CN,China,WPRO,113,89383,3,4696
12-08-2020,CN,China,WPRO,61,89444,3,4699
13-08-2020,CN,China,WPRO,82,89526,5,4704
14-08-2020,CN,China,WPRO,99,89625,3,4707
15-08-2020,CN,China,WPRO,70,89695,1,4708
16-08-2020,CN,China,WPRO,66,89761,2,4710
17-08-2020,CN,China,WPRO,98,89859,0,4710
18-08-2020,CN,China,WPRO,67,89926,0,4710
19-08-2020,CN,China,WPRO,54,89980,2,4712
20-08-2020,CN,China,WPRO,33,90013,1,4713
21-08-2020,CN,China,WPRO,40,90053,3,4716
22-08-2020,CN,China,WPRO,50,90103,0,4716
23-08-2020,CN,China,WPRO,38,90141,1,4717
24-08-2020,CN,China,WPRO,41,90182,1,4718
25-08-2020,CN,China,WPRO,23,90205,0,4718
26-08-2020,CN,China,WPRO,34,90239,1,4719
27-08-2020,CN,China,WPRO,32,90271,1,4720
28-08-2020,CN,China,WPRO,30,90301,2,4722
29-08-2020,CN,China,WPRO,22,90323,3,4725
30-08-2020,CN,China,WPRO,28,90351,3,4728
31-08-2020,CN,China,WPRO,32,90383,1,4729
01-09-2020,CN,China,WPRO,19,90402,1,4730
02-09-2020,CN,China,WPRO,20,90422,1,4731
03-09-2020,CN,China,WPRO,20,90442,3,4734
04-09-2020,CN,China,WPRO,33,90475,1,4735
05-09-2020,CN,China,WPRO,23,90498,0,4735
06-09-2020,CN,China,WPRO,19,90517,0,4735
07-09-2020,CN,China,WPRO,34,90551,2,4737
08-09-2020,CN,China,WPRO,22,90573,2,4739
09-09-2020,CN,China,WPRO,9,90582,1,4740
10-09-2020,CN,China,WPRO,13,90595,0,4740
11-09-2020,CN,China,WPRO,28,90623,0,4740
12-09-2020,CN,China,WPRO,20,90643,0,4740
13-09-2020,CN,China,WPRO,23,90666,1,4741
14-09-2020,CN,China,WPRO,29,90695,0,4741
15-09-2020,CN,China,WPRO,23,90718,1,4742
16-09-2020,CN,China,WPRO,16,90734,1,4743
17-09-2020,CN,China,WPRO,19,90753,0,4743
18-09-2020,CN,China,WPRO,44,90797,0,4743
19-09-2020,CN,China,WPRO,17,90814,1,4744
20-09-2020,CN,China,WPRO,26,90840,0,4744
21-09-2020,CN,China,WPRO,36,90876,0,4744
22-09-2020,CN,China,WPRO,14,90890,0,4744
23-09-2020,CN,China,WPRO,18,90908,0,4744
24-09-2020,CN,China,WPRO,10,90918,1,4745
25-09-2020,CN,China,WPRO,15,90933,0,4745
26-09-2020,CN,China,WPRO,18,90951,1,4746
27-09-2020,CN,China,WPRO,15,90966,0,4746
28-09-2020,CN,China,WPRO,27,90993,0,4746
29-09-2020,CN,China,WPRO,25,91018,0,4746
30-09-2020,CN,China,WPRO,23,91041,0,4746
01-10-2020,CN,China,WPRO,20,91061,0,4746
02-10-2020,CN,China,WPRO,21,91082,0,4746
03-10-2020,CN,China,WPRO,19,91101,0,4746
04-10-2020,CN,China,WPRO,20,91121,0,4746
05-10-2020,CN,China,WPRO,25,91146,0,4746
06-10-2020,CN,China,WPRO,24,91170,0,4746
07-10-2020,CN,China,WPRO,18,91188,0,4746
08-10-2020,CN,China,WPRO,24,91212,0,4746
09-10-2020,CN,China,WPRO,40,91252,0,4746
10-10-2020,CN,China,WPRO,26,91278,0,4746
11-10-2020,CN,China,WPRO,27,91305,0,4746
12-10-2020,CN,China,WPRO,28,91333,0,4746
13-10-2020,CN,China,WPRO,26,91359,0,4746
14-10-2020,CN,China,WPRO,28,91387,0,4746
15-10-2020,CN,China,WPRO,11,91398,0,4746
16-10-2020,CN,China,WPRO,36,91434,0,4746
17-10-2020,CN,China,WPRO,25,91459,0,4746
18-10-2020,CN,China,WPRO,30,91489,0,4746
19-10-2020,CN,China,WPRO,17,91506,0,4746
20-10-2020,CN,China,WPRO,39,91545,0,4746
21-10-2020,CN,China,WPRO,19,91564,0,4746
22-10-2020,CN,China,WPRO,23,91587,0,4746
23-10-2020,CN,China,WPRO,33,91620,0,4746
24-10-2020,CN,China,WPRO,32,91652,0,4746
25-10-2020,CN,China,WPRO,22,91674,0,4746
26-10-2020,CN,China,WPRO,26,91700,0,4746
27-10-2020,CN,China,WPRO,24,91724,0,4746
28-10-2020,CN,China,WPRO,47,91771,0,4746
29-10-2020,CN,China,WPRO,50,91821,0,4746
30-10-2020,CN,China,WPRO,31,91852,0,4746
31-10-2020,CN,China,WPRO,41,91893,0,4746
01-11-2020,CN,China,WPRO,28,91921,0,4746
02-11-2020,CN,China,WPRO,34,91955,0,4746
03-11-2020,CN,China,WPRO,60,92015,0,4746
04-11-2020,CN,China,WPRO,30,92045,0,4746
05-11-2020,CN,China,WPRO,32,92077,1,4747
06-11-2020,CN,China,WPRO,44,92121,1,4748
07-11-2020,CN,China,WPRO,43,92164,0,4748
08-11-2020,CN,China,WPRO,31,92195,0,4748
09-11-2020,CN,China,WPRO,47,92242,0,4748
10-11-2020,CN,China,WPRO,29,92271,0,4748
11-11-2020,CN,China,WPRO,28,92299,1,4749
12-11-2020,CN,China,WPRO,37,92336,0,4749
13-11-2020,CN,China,WPRO,36,92372,0,4749
14-11-2020,CN,China,WPRO,32,92404,0,4749
15-11-2020,CN,China,WPRO,24,92428,0,4749
16-11-2020,CN,China,WPRO,24,92452,0,4749
17-11-2020,CN,China,WPRO,24,92476,0,4749
18-11-2020,CN,China,WPRO,14,92490,0,4749
19-11-2020,CN,China,WPRO,23,92513,0,4749
20-11-2020,CN,China,WPRO,31,92544,0,4749
21-11-2020,CN,China,WPRO,44,92588,0,4749
22-11-2020,CN,China,WPRO,60,92648,0,4749
23-11-2020,CN,China,WPRO,85,92733,0,4749
24-11-2020,CN,China,WPRO,96,92829,0,4749
25-11-2020,CN,China,WPRO,85,92914,0,4749
26-11-2020,CN,China,WPRO,111,93025,0,4749
27-11-2020,CN,China,WPRO,88,93113,0,4749
28-11-2020,CN,China,WPRO,112,93225,0,4749
29-11-2020,CN,China,WPRO,104,93329,1,4750
30-11-2020,CN,China,WPRO,136,93465,0,4750
01-12-2020,CN,China,WPRO,112,93577,0,4750
02-12-2020,CN,China,WPRO,91,93668,0,4750
03-12-2020,CN,China,WPRO,129,93797,1,4751
04-12-2020,CN,China,WPRO,108,93905,1,4752
05-12-2020,CN,China,WPRO,133,94038,1,4753
06-12-2020,CN,China,WPRO,122,94160,0,4753
07-12-2020,CN,China,WPRO,133,94293,0,4753
08-12-2020,CN,China,WPRO,90,94383,0,4753
09-12-2020,CN,China,WPRO,117,94500,0,4753
10-12-2020,CN,China,WPRO,118,94618,2,4755
11-12-2020,CN,China,WPRO,131,94749,0,4755
12-12-2020,CN,China,WPRO,100,94849,0,4755
13-12-2020,CN,China,WPRO,101,94950,1,4756
14-12-2020,CN,China,WPRO,114,95064,2,4758
15-12-2020,CN,China,WPRO,103,95167,3,4761
16-12-2020,CN,China,WPRO,112,95279,3,4764
17-12-2020,CN,China,WPRO,96,95375,0,4764
18-12-2020,CN,China,WPRO,116,95491,2,4766
19-12-2020,CN,China,WPRO,89,95580,4,4770
20-12-2020,CN,China,WPRO,136,95716,0,4770
21-12-2020,CN,China,WPRO,100,95816,1,4771
22-12-2020,CN,China,WPRO,100,95916,1,4772
23-12-2020,CN,China,WPRO,82,95998,1,4773
24-12-2020,CN,China,WPRO,76,96074,1,4774
25-12-2020,CN,China,WPRO,85,96159,2,4776
26-12-2020,CN,China,WPRO,81,96240,1,4777
27-12-2020,CN,China,WPRO,84,96324,0,4777
28-12-2020,CN,China,WPRO,93,96417,1,4778
29-12-2020,CN,China,WPRO,96,96513,4,4782
30-12-2020,CN,China,WPRO,79,96592,2,4784
31-12-2020,CN,China,WPRO,81,96673,4,4788
01-01-2021,CN,China,WPRO,89,96762,1,4789
02-01-2021,CN,China,WPRO,67,96829,1,4790
03-01-2021,CN,China,WPRO,65,96894,1,4791
04-01-2021,CN,China,WPRO,78,96972,0,4791
05-01-2021,CN,China,WPRO,89,97061,3,4794
06-01-2021,CN,China,WPRO,66,97127,0,4794
07-01-2021,CN,China,WPRO,90,97217,1,4795
08-01-2021,CN,China,WPRO,89,97306,0,4795
09-01-2021,CN,China,WPRO,81,97387,1,4796
10-01-2021,CN,China,WPRO,131,97518,2,4798
11-01-2021,CN,China,WPRO,134,97652,1,4799
12-01-2021,CN,China,WPRO,102,97754,1,4800
13-01-2021,CN,China,WPRO,179,97933,1,4801
14-01-2021,CN,China,WPRO,184,98117,2,4803
15-01-2021,CN,China,WPRO,173,98290,0,4803
16-01-2021,CN,China,WPRO,169,98459,0,4803
17-01-2021,CN,China,WPRO,166,98625,1,4804
18-01-2021,CN,China,WPRO,169,98794,0,4804
19-01-2021,CN,China,WPRO,232,99026,1,4805
20-01-2021,CN,China,WPRO,165,99191,2,4807
21-01-2021,CN,China,WPRO,223,99414,1,4808
22-01-2021,CN,China,WPRO,175,99589,1,4809
23-01-2021,CN,China,WPRO,178,99767,1,4810
24-01-2021,CN,China,WPRO,164,99931,0,4810
25-01-2021,CN,China,WPRO,205,100136,1,4811
26-01-2021,CN,China,WPRO,155,100291,3,4814
27-01-2021,CN,China,WPRO,140,100431,2,4816
28-01-2021,CN,China,WPRO,117,100548,2,4818
29-01-2021,CN,China,WPRO,93,100641,2,4820
30-01-2021,CN,China,WPRO,106,100747,1,4821
31-01-2021,CN,China,WPRO,130,100877,2,4823
01-02-2021,CN,China,WPRO,97,100974,2,4825
02-02-2021,CN,China,WPRO,65,101039,1,4826
03-02-2021,CN,China,WPRO,53,101092,2,4828
04-02-2021,CN,China,WPRO,51,101143,1,4829
05-02-2021,CN,China,WPRO,44,101187,2,4831
06-02-2021,CN,China,WPRO,54,101241,0,4831
07-02-2021,CN,China,WPRO,31,101272,0,4831
08-02-2021,CN,China,WPRO,44,101316,0,4831
09-02-2021,CN,China,WPRO,47,101363,0,4831
10-02-2021,CN,China,WPRO,45,101408,2,4833
11-02-2021,CN,China,WPRO,21,101429,1,4834
12-02-2021,CN,China,WPRO,34,101463,2,4836
13-02-2021,CN,China,WPRO,33,101496,1,4837
14-02-2021,CN,China,WPRO,19,101515,1,4838
15-02-2021,CN,China,WPRO,21,101536,0,4838
16-02-2021,CN,China,WPRO,25,101561,0,4838
17-02-2021,CN,China,WPRO,15,101576,2,4840
18-02-2021,CN,China,WPRO,28,101604,2,4842
19-02-2021,CN,China,WPRO,20,101624,0,4842
20-02-2021,CN,China,WPRO,22,101646,0,4842
21-02-2021,CN,China,WPRO,23,101669,0,4842
22-02-2021,CN,China,WPRO,31,101700,0,4842
23-02-2021,CN,China,WPRO,26,101726,0,4842
24-02-2021,CN,China,WPRO,24,101750,0,4842
25-02-2021,CN,China,WPRO,28,101778,1,4843
26-02-2021,CN,China,WPRO,24,101802,0,4843
27-02-2021,CN,China,WPRO,34,101836,0,4843
28-02-2021,CN,China,WPRO,42,101878,0,4843
01-03-2021,CN,China,WPRO,42,101920,1,4844
02-03-2021,CN,China,WPRO,25,101945,1,4845
03-03-2021,CN,China,WPRO,23,101968,0,4845
04-03-2021,CN,China,WPRO,27,101995,0,4845
05-03-2021,CN,China,WPRO,20,102015,1,4846
06-03-2021,CN,China,WPRO,21,102036,0,4846
07-03-2021,CN,China,WPRO,28,102064,2,4848
08-03-2021,CN,China,WPRO,37,102101,0,4848
09-03-2021,CN,China,WPRO,24,102125,0,4848
10-03-2021,CN,China,WPRO,27,102152,0,4848
11-03-2021,CN,China,WPRO,20,102172,1,4849
12-03-2021,CN,China,WPRO,31,102203,0,4849
13-03-2021,CN,China,WPRO,73,102276,0,4849
14-03-2021,CN,China,WPRO,57,102333,0,4849
15-03-2021,CN,China,WPRO,30,102363,0,4849
16-03-2021,CN,China,WPRO,48,102411,0,4849
17-03-2021,CN,China,WPRO,22,102433,0,4849
18-03-2021,CN,China,WPRO,17,102450,0,4849
19-03-2021,CN,China,WPRO,29,102479,0,4849
20-03-2021,CN,China,WPRO,23,102502,0,4849
21-03-2021,CN,China,WPRO,21,102523,0,4849
22-03-2021,CN,China,WPRO,16,102539,0,4849
23-03-2021,CN,China,WPRO,27,102566,0,4849
24-03-2021,CN,China,WPRO,23,102589,1,4850
25-03-2021,CN,China,WPRO,23,102612,0,4850
26-03-2021,CN,China,WPRO,23,102635,0,4850
27-03-2021,CN,China,WPRO,24,102659,1,4851
28-03-2021,CN,China,WPRO,21,102680,0,4851
29-03-2021,CN,China,WPRO,18,102698,0,4851
30-03-2021,CN,China,WPRO,17,102715,0,4851
31-03-2021,CN,China,WPRO,19,102734,0,4851
01-04-2021,CN,China,WPRO,28,102762,0,4851
02-04-2021,CN,China,WPRO,28,102790,0,4851
03-04-2021,CN,China,WPRO,48,102838,0,4851
04-04-2021,CN,China,WPRO,29,102867,0,4851
05-04-2021,CN,China,WPRO,41,102908,0,4851
06-04-2021,CN,China,WPRO,41,102949,0,4851
07-04-2021,CN,China,WPRO,21,102970,0,4851
08-04-2021,CN,China,WPRO,33,103003,0,4851
09-04-2021,CN,China,WPRO,31,103034,0,4851
10-04-2021,CN,China,WPRO,32,103066,2,4853
11-04-2021,CN,China,WPRO,17,103083,0,4853
12-04-2021,CN,China,WPRO,30,103113,1,4854
13-04-2021,CN,China,WPRO,23,103136,0,4854
14-04-2021,CN,China,WPRO,29,103165,1,4855
15-04-2021,CN,China,WPRO,20,103185,1,4856
16-04-2021,CN,China,WPRO,18,103203,0,4856
17-04-2021,CN,China,WPRO,34,103237,0,4856
18-04-2021,CN,China,WPRO,36,103273,0,4856
19-04-2021,CN,China,WPRO,42,103315,0,4856
20-04-2021,CN,China,WPRO,25,103340,0,4856
21-04-2021,CN,China,WPRO,31,103371,0,4856
22-04-2021,CN,China,WPRO,11,103382,0,4856
23-04-2021,CN,China,WPRO,37,103419,0,4856
24-04-2021,CN,China,WPRO,22,103441,0,4856
25-04-2021,CN,China,WPRO,23,103464,0,4856
26-04-2021,CN,China,WPRO,20,103484,1,4857
27-04-2021,CN,China,WPRO,19,103503,0,4857
28-04-2021,CN,China,WPRO,26,103529,0,4857
29-04-2021,CN,China,WPRO,33,103562,0,4857
30-04-2021,CN,China,WPRO,33,103595,0,4857
01-05-2021,CN,China,WPRO,27,103622,0,4857
02-05-2021,CN,China,WPRO,27,103649,1,4858
03-05-2021,CN,China,WPRO,18,103667,0,4858
04-05-2021,CN,China,WPRO,27,103694,0,4858
05-05-2021,CN,China,WPRO,19,103713,0,4858
06-05-2021,CN,China,WPRO,18,103731,0,4858
07-05-2021,CN,China,WPRO,28,103759,0,4858
08-05-2021,CN,China,WPRO,14,103773,0,4858
09-05-2021,CN,China,WPRO,22,103795,0,4858
10-05-2021,CN,China,WPRO,13,103808,0,4858
11-05-2021,CN,China,WPRO,33,103841,0,4858
12-05-2021,CN,China,WPRO,28,103869,0,4858
13-05-2021,CN,China,WPRO,32,103901,0,4858
14-05-2021,CN,China,WPRO,35,103936,0,4858
15-05-2021,CN,China,WPRO,49,103985,0,4858
16-05-2021,CN,China,WPRO,206,104191,0,4858
17-05-2021,CN,China,WPRO,234,104425,0,4858
18-05-2021,CN,China,WPRO,357,104782,0,4858
19-05-2021,CN,China,WPRO,258,105040,2,4860
20-05-2021,CN,China,WPRO,286,105326,0,4860
21-05-2021,CN,China,WPRO,319,105645,1,4861
22-05-2021,CN,China,WPRO,326,105971,0,4861
23-05-2021,CN,China,WPRO,742,106713,2,4863
24-05-2021,CN,China,WPRO,474,107187,6,4869
25-05-2021,CN,China,WPRO,611,107798,6,4875
26-05-2021,CN,China,WPRO,558,108356,6,4881
27-05-2021,CN,China,WPRO,654,109010,11,4892
28-05-2021,CN,China,WPRO,678,109688,13,4905
29-05-2021,CN,China,WPRO,572,110260,19,4924
30-05-2021,CN,China,WPRO,504,110764,21,4945
31-05-2021,CN,China,WPRO,382,111146,10,4955
01-06-2021,CN,China,WPRO,377,111523,15,4970
02-06-2021,CN,China,WPRO,361,111884,13,4983
03-06-2021,CN,China,WPRO,573,112457,12,4995
04-06-2021,CN,China,WPRO,609,113066,17,5012
05-06-2021,CN,China,WPRO,498,113564,21,5033
06-06-2021,CN,China,WPRO,541,114105,37,5070
07-06-2021,CN,China,WPRO,562,114667,36,5106
08-06-2021,CN,China,WPRO,24,114691,26,5132
09-06-2021,CN,China,WPRO,237,114928,22,5154
10-06-2021,CN,China,WPRO,289,115217,25,5179
11-06-2021,CN,China,WPRO,281,115498,28,5207
12-06-2021,CN,China,WPRO,317,115815,24,5231
13-06-2021,CN,China,WPRO,288,116103,26,5257
14-06-2021,CN,China,WPRO,198,116301,26,5283
15-06-2021,CN,China,WPRO,206,116507,15,5298
16-06-2021,CN,China,WPRO,156,116663,8,5306
17-06-2021,CN,China,WPRO,190,116853,18,5324
18-06-2021,CN,China,WPRO,197,117050,19,5343
19-06-2021,CN,China,WPRO,219,117269,21,5364
20-06-2021,CN,China,WPRO,152,117421,20,5384
21-06-2021,CN,China,WPRO,127,117548,11,5395
22-06-2021,CN,China,WPRO,101,117649,20,5415
23-06-2021,CN,China,WPRO,109,117758,6,5421
24-06-2021,CN,China,WPRO,121,117879,24,5445
25-06-2021,CN,China,WPRO,161,118040,6,5451
26-06-2021,CN,China,WPRO,105,118145,5,5456
27-06-2021,CN,China,WPRO,96,118241,13,5469
28-06-2021,CN,China,WPRO,117,118358,9,5478
29-06-2021,CN,China,WPRO,81,118439,3,5481
30-06-2021,CN,China,WPRO,64,118503,9,5490
01-07-2021,CN,China,WPRO,69,118572,5,5495
02-07-2021,CN,China,WPRO,72,118644,13,5508
03-07-2021,CN,China,WPRO,92,118736,15,5523
04-07-2021,CN,China,WPRO,96,118832,10,5533
05-07-2021,CN,China,WPRO,64,118896,2,5535
06-07-2021,CN,China,WPRO,53,118949,2,5537
07-07-2021,CN,China,WPRO,87,119036,17,5554
08-07-2021,CN,China,WPRO,58,119094,9,5563
09-07-2021,CN,China,WPRO,47,119141,3,5566
10-07-2021,CN,China,WPRO,63,119204,12,5578
11-07-2021,CN,China,WPRO,58,119262,6,5584
12-07-2021,CN,China,WPRO,59,119321,4,5588
13-07-2021,CN,China,WPRO,53,119374,1,5589
14-07-2021,CN,China,WPRO,53,119427,6,5595
15-07-2021,CN,China,WPRO,58,119485,6,5601
16-07-2021,CN,China,WPRO,54,119539,6,5607
17-07-2021,CN,China,WPRO,63,119602,4,5611
18-07-2021,CN,China,WPRO,45,119647,1,5612
19-07-2021,CN,China,WPRO,51,119698,4,5616
20-07-2021,CN,China,WPRO,86,119784,1,5617
21-07-2021,CN,China,WPRO,53,119837,4,5621
22-07-2021,CN,China,WPRO,81,119918,5,5626
23-07-2021,CN,China,WPRO,82,120000,4,5630
24-07-2021,CN,China,WPRO,61,120061,2,5632
25-07-2021,CN,China,WPRO,59,120120,2,5634
26-07-2021,CN,China,WPRO,93,120213,0,5634
27-07-2021,CN,China,WPRO,82,120295,0,5634
28-07-2021,CN,China,WPRO,104,120399,1,5635
29-07-2021,CN,China,WPRO,70,120469,0,5635
30-07-2021,CN,China,WPRO,84,120553,0,5635
31-07-2021,CN,China,WPRO,82,120635,0,5635
01-08-2021,CN,China,WPRO,87,120722,0,5635
02-08-2021,CN,China,WPRO,115,120837,2,5637
03-08-2021,CN,China,WPRO,107,120944,0,5637
04-08-2021,CN,China,WPRO,123,121067,2,5639
05-08-2021,CN,China,WPRO,108,121175,0,5639
